4189AB83	3118	0	0	0	0	0	0	0	0	27	3.27	2021-09-01 17:14::58
4189AB83	35419	0	0	0	0	0	0	0	0	27	3.27	2021-09-01 17:31::50
4189AB83	36331	0	0	0	0	0	0	0	0	28	3.27	2021-09-01 17:45::29
4189AB83	36681	0	0	0	0	0	0	0	0	28	3.27	2021-09-01 17:50::44
4189AB83	36719	0	0	0	0	0	0	0	0	28	3.27	2021-09-01 17:51::18
4189AB83	36967	0	0	0	0	0	0	0	0	29	3.27	2021-09-01 17:55::01
4189AB83	37271	0	0	0	0	0	0	0	0	29	3.27	2021-09-01 17:59::35
4189AB83	37285	0	0	0	0	0	0	0	0	29	3.27	2021-09-01 17:59::47
4189AB83	39754	0	0	0	0	0	0	0	0	30	3.27	2021-09-01 18:36::46
4189AB83	34919	0	0	0	0	0	0	0	0	28	3.27	2021-09-01 18:57::12
4189AB83	35273	39.0505	40.1771	40.1771	31.3526	34.9199	34.7322	35.1077	30.6015	28	3.27	2021-09-01 19:02::31
4189AB83	36614	0	0	0	0	0	0	0	0	28	3.27	2021-09-01 19:22::36
4189AB83	38175	0	0	0	0	0	0	0	0	27	3.27	2021-09-01 19:46::00
4189AB83	2022	0	0	0	0	0	0	0	0	27	2.97	2021-09-01 19:57::20
4189AB83	2501	0	0	0	0	0	0	0	0	27	2.96	2021-09-01 20:04::30
4189AB83	3173	30.8546	30.8546	30.6668	29.1648	30.6668	30.8546	31.0424	29.1648	27	2.95	2021-09-01 20:14::34
