4189AB83	577	731.807	30.3526	24639.4	30.3526	30.3526	30.3526	24639.4	30.3526	30	3.17	2021-08-27 16:10::02
1643	4189AB83	578	-24.6107	-51.6474	-51.6474	-51.6474	-51.6474	-51.6474	-51.6474	-51.6474	30	3.17	2021-08-27 16:10::03
1644	4189AB83	578	57.3893	43.8709	983.399	37.4873	30.3526	35.6097	24629.3	24619.9	30	3.17	2021-08-27 16:10::03
1645	4189AB83	579	57.0138	43.8709	983.399	37.4873	30.3526	35.2342	24629.3	24620.3	30	3.17	2021-08-27 16:10::04
1646	4189AB83	580	57.3893	43.8709	983.774	37.4873	24639.4	35.6097	24628.9	24619.9	30	3.17	2021-08-27 16:10::05
1647	4189AB83	581	-24.2352	-37.7535	901.399	-44.5127	-51.6474	-51.6474	-51.6474	-51.6474	30	3.17	2021-08-27 16:10::06
1648	4189AB83	582	57.7648	43.8709	984.15	37.4873	30.3526	35.2342	24629.3	24619.5	30	3.17	2021-08-27 16:10::07
1649	4189AB83	582	57.7648	43.8709	984.15	37.1118	30.3526	35.6097	24629.3	24619.9	30	3.17	2021-08-27 16:10::07
1650	4189AB83	583	-26.8637	-35.5005	902.901	-44.5127	-51.6474	-51.6474	-51.6474	-51.6474	30	3.17	2021-08-27 16:10::07
1651	4189AB83	584	55.8873	46.4995	986.403	37.8628	30.3526	34.8587	24628.9	24620.7	30	3.17	2021-08-27 16:10::08
1652	4189AB83	585	49.5036	44.2465	993.162	37.8628	30.3526	35.2342	24628.6	24622.9	29	3.17	2021-08-27 16:10::09
1653	4189AB83	587	51.3812	45.7485	998.419	37.4873	24639.4	35.6097	24628.6	24622.5	30	3.17	2021-08-27 16:10::11
1654	4189AB83	588	49.1281	43.1199	999.921	37.4873	30.7281	35.2342	24628.2	24622.5	29	3.17	2021-08-27 16:10::12
1655	4189AB83	589	54.0097	46.124	1003.3	37.4873	30.3526	35.2342	24628.2	24622.5	29	3.17	2021-08-27 16:10::13
1656	83	590	24616.4	38.1077	45.6179	51.6261	45.6179	34.3526	45.9934	24632.2	25	1.23	2021-08-27 16:10::14
1657	4189AB83	590	24618.8	36.7322	43.8669	46.8709	44.2424	34.4791	44.2424	24633.8	30	3.17	2021-08-27 16:10::14
1658	4189AB83	591	24619.9	36.7322	43.8669	46.4954	43.4913	34.4791	43.8669	24633.8	29	3.17	2021-08-27 16:10::15
1659	4189AB83	592	24621	36.7322	43.4913	45.7444	43.1158	34.8546	43.8669	24634.9	29	3.17	2021-08-27 16:10::16
1660	4189AB83	593	24621.8	35.9811	43.8669	44.9934	43.4913	34.8546	43.4913	24634.9	29	3.17	2021-08-27 16:10::16
1661	4189AB83	594	24622.5	36.7322	43.1158	44.6179	43.1158	35.2301	43.8669	24636.1	29	3.17	2021-08-27 16:10::17
1662	4189AB83	595	24623.3	35.9811	42.7403	44.2424	42.3648	35.2301	43.1158	24636.4	-55	1.22	2021-08-27 16:10::18
1663	4189AB83	596	24623.3	36.3566	43.1158	43.8669	42.7403	35.2301	43.1158	24636.8	29	3.17	2021-08-27 16:10::19
1664	4189AB83	598	24624	35.9811	42.3648	43.1158	42.3648	35.2301	42.7403	24636.8	29	3.17	2021-08-27 16:10::21
1665	4189AB83	599	24624.8	36.3566	42.7403	42.3648	42.7403	35.6056	43.1158	24637.2	29	3.17	2021-08-27 16:10::22
1666	4189AB83	600	24625.2	35.9811	42.7403	41.9893	41.9893	35.9811	41.9893	24637.6	29	3.16	2021-08-27 16:10::23
1667	4189AB83	601	24540.5	-49.3944	-51.6474	-51.6474	-51.6474	-51.6474	-51.6474	-51.6474	29	3.16	2021-08-27 16:10::24
1668	4189AB83	602	24626.3	35.6056	41.9893	41.2383	41.6138	35.9811	42.3648	24638.3	29	3.16	2021-08-27 16:10::25
1669	4189AB83	603	24626.7	35.9811	41.9893	41.2383	41.6138	35.9811	42.3648	24638.7	29	3.17	2021-08-27 16:10::25
1670	4189AB83	604	28.3526	28.3526	28.3526	28.3526	21152.3	20396.4	962.248	7911.07	29	3.17	2021-08-27 16:10::26
1671	4189AB83	605	24627.4	35.6056	41.2383	40.8628	41.2383	35.9811	41.9893	24639.1	29	3.16	2021-08-27 16:10::27
1672	4189AB83	606	24628.2	35.6056	41.2383	40.4873	41.2383	35.6056	41.6138	24639.1	29	3.16	2021-08-27 16:10::28
1673	4189AB83	607	24627.8	35.2301	41.2383	39.7362	40.8628	35.9811	41.9893	24639.8	-55	1.22	2021-08-27 16:10::29
1674	4189AB83	608	24628.2	35.6056	41.2383	39.7362	41.2383	35.9811	41.6138	24639.4	29	3.16	2021-08-27 16:10::30
1675	4189AB83	609	24628.6	35.6056	40.8628	40.1118	40.8628	36.3566	41.6138	24639.8	29	3.16	2021-08-27 16:10::31
1676	4189AB83	611	24629.3	35.2301	40.8628	38.9852	40.4873	36.3566	40.8628	24639.8	29	3.16	2021-08-27 16:10::33
1677	0	612	24628.7	34.2301	39.4873	37.9852	39.4873	35.3566	40.6138	24639.2	25	1.23	2021-08-27 16:10::34
1678	4189AB83	613	24629.7	35.2301	40.4873	38.9852	40.1118	36.3566	41.2383	24640.6	29	3.16	2021-08-27 16:10::34
1679	4189AB83	614	24629.1	34.2301	39.1118	37.6097	39.4873	35.3566	40.2383	24639.2	29	3.16	2021-08-27 16:10::35
1680	4189AB83	616	24629.4	34.2301	39.1118	37.6097	38.7362	35.7322	39.8628	24639.9	29	3.16	2021-08-27 16:10::37
1681	4189AB83	617	24629.8	34.6056	38.7362	37.2342	39.1118	35.3566	39.8628	24639.6	29	3.16	2021-08-27 16:10::38
1682	4189AB83	618	24630.6	34.2301	38.7362	36.8587	38.7362	35.7322	40.2383	24640.7	29	3.16	2021-08-27 16:10::39
1683	4189AB83	619	24630.6	34.2301	38.7362	36.8587	38.7362	35.7322	39.8628	126.981	29	3.16	2021-08-27 16:10::40
1684	4189AB83	621	24630.6	34.2301	38.7362	36.8587	38.3607	35.3566	39.8628	24640.7	29	3.16	2021-08-27 16:10::42
1685	4189AB83	622	24630.9	34.2301	38.3607	36.8587	38.3607	35.7322	39.4873	24640.3	29	3.16	2021-08-27 16:10::43
1686	4189AB83	623	24547.3	-49.7699	-51.6474	-51.6474	-51.6474	-51.6474	-51.6474	-51.6474	29	3.16	2021-08-27 16:10::43
1687	4189AB83	624	24631.7	33.8546	38.3607	36.4832	38.3607	36.1077	39.1118	24640.7	29	3.16	2021-08-27 16:10::44
1688	4189AB83	626	28.3526	28.3526	28.3526	28.3526	24418.9	20384	962.248	8103.33	29	3.16	2021-08-27 16:10::46
1689	4189AB83	627	24632.4	33.8546	37.9852	36.1077	37.9852	35.7322	39.1118	24641.1	29	3.16	2021-08-27 16:10::47
1690	4189AB83	628	24632.4	33.8546	37.9852	35.7322	38.3607	35.7322	39.1118	24641.1	-55	1.22	2021-08-27 16:10::48
1691	4189AB83	629	24632.4	33.8546	37.6097	35.7322	37.6097	35.7322	38.7362	24641.4	29	3.16	2021-08-27 16:10::49
1692	4189AB83	630	24633.2	34.2301	37.6097	35.3566	37.6097	35.3566	38.7362	24641.4	29	3.16	2021-08-27 16:10::50
1693	4189AB83	631	24633.2	33.8546	37.6097	35.7322	37.6097	35.3566	38.7362	32.3526	28	3.16	2021-08-27 16:10::51
1694	4189AB83	632	24633.6	33.4791	37.6097	34.9811	37.6097	34.9811	38.3607	32.3526	29	3.16	2021-08-27 16:10::52
1695	4189AB83	633	24633.6	33.8546	37.2342	34.9811	37.2342	35.3566	38.3607	32.3526	29	3.16	2021-08-27 16:10::52
1696	4189AB83	635	24632.9	32.4791	36.2342	34.3566	36.2342	34.3566	37.3607	31.3526	-55	1.22	2021-08-27 16:10::54
1697	4189AB83	636	24633.9	33.8546	37.2342	35.7322	36.8587	34.9811	38.3607	32.3526	29	3.16	2021-08-27 16:10::55
1698	4189AB83	637	24634.3	33.8546	36.8587	34.9811	37.2342	35.3566	37.9852	32.7281	28	3.16	2021-08-27 16:10::56
1699	4189AB83	639	24634.7	33.8546	37.2342	34.6056	37.2342	34.9811	38.3607	32.7281	29	3.16	2021-08-27 16:10::58
1700	4189AB83	640	-26.8637	-35.5005	902.901	-44.5127	-51.6474	-51.6474	-51.6474	-51.6474	-55	1.22	2021-08-27 16:10::59
-252.5
1701	4189AB83	641	55.8873	46.4995	986.403	37.8628	30.3526	34.8587	24628.9	24620.7	28	3.16	2021-08-27 16:11::00
1702	4189AB83	642	49.5036	44.2465	993.162	37.8628	30.3526	35.2342	24628.6	24622.9	28	3.16	2021-08-27 16:11::01
1703	4189AB83	644	51.3812	45.7485	998.419	37.4873	24639.4	35.6097	24628.6	24622.5	28	3.16	2021-08-27 16:11::02
1704	4189AB83	645	49.1281	43.1199	999.921	37.4873	30.7281	35.2342	24628.2	24622.5	29	3.16	2021-08-27 16:11::03
1705	4189AB83	646	54.0097	46.124	1003.3	37.4873	30.3526	35.2342	24628.2	24622.5	28	3.16	2021-08-27 16:11::04
1706	4189AB83	647	24616.4	38.1077	45.6179	51.6261	45.6179	34.3526	45.9934	24632.2	28	3.16	2021-08-27 16:11::05
1707	4189AB83	649	24618.8	36.7322	43.8669	46.8709	44.2424	34.4791	44.2424	24633.8	28	3.16	2021-08-27 16:11::07
1708	4189AB83	650	24619.9	36.7322	43.8669	46.4954	43.4913	34.4791	43.8669	24633.8	28	3.16	2021-08-27 16:11::08
1709	4189AB83	651	24621	36.7322	43.4913	45.7444	43.1158	34.8546	43.8669	24634.9	28	3.16	2021-08-27 16:11::09
1710	4189AB83	652	24621.8	35.9811	43.8669	44.9934	43.4913	34.8546	43.4913	24634.9	29	3.16	2021-08-27 16:11::10
1711	4189AB83	653	24622.5	36.7322	43.1158	44.6179	43.1158	35.2301	43.8669	24636.1	29	3.16	2021-08-27 16:11::10
1712	4189AB83	654	24623.3	35.9811	42.7403	44.2424	42.3648	35.2301	43.1158	24636.4	28	3.16	2021-08-27 16:11::11
1713	4189AB83	655	24623.3	36.3566	43.1158	43.8669	42.7403	35.2301	43.1158	24636.8	28	3.16	2021-08-27 16:11::12
1714	4189AB83	656	24624	35.9811	42.3648	43.1158	42.3648	35.2301	42.7403	24636.8	28	3.16	2021-08-27 16:11::13
1715	4189AB83	657	24624.8	36.3566	42.7403	42.3648	42.7403	35.6056	43.1158	24637.2	-55	1.22	2021-08-27 16:11::14
1716	4189AB83	659	24625.2	35.9811	42.7403	41.9893	41.9893	35.9811	41.9893	24637.6	28	3.16	2021-08-27 16:11::16
1717	4189AB83	660	24540.5	-49.3944	-51.6474	-51.6474	-51.6474	-51.6474	-51.6474	-51.6474	28	3.16	2021-08-27 16:11::17
1718	4189AB83	661	24626.3	35.6056	41.9893	41.2383	41.6138	35.9811	42.3648	24638.3	28	3.16	2021-08-27 16:11::18
1719	4189AB83	662	24626.7	35.9811	41.9893	41.2383	41.6138	35.9811	42.3648	24638.7	28	3.16	2021-08-27 16:11::19
1720	4189AB83	663	28.3526	28.3526	28.3526	28.3526	21152.3	20396.4	962.248	7911.07	-55	1.22	2021-08-27 16:11::19
1721	4189AB83	664	24627.4	35.6056	41.2383	40.8628	41.2383	35.9811	41.9893	24639.1	28	3.16	2021-08-27 16:11::20
1722	4189AB83	665	24628.2	35.6056	41.2383	40.4873	41.2383	35.6056	41.6138	24639.1	28	3.16	2021-08-27 16:11::21
1723	4189AB83	667	24627.8	35.2301	41.2383	39.7362	40.8628	35.9811	41.9893	24639.8	28	3.16	2021-08-27 16:11::23
1724	89AB83	668	24628.2	35.6056	41.2383	39.7362	41.2383	35.9811	41.6138	24639.4	-55	1.22	2021-08-27 16:11::24
1725	4189AB83	669	24628.6	35.6056	40.8628	40.1118	40.8628	36.3566	41.6138	24639.8	28	3.16	2021-08-27 16:11::25
1726	4189AB83	670	24629.3	35.2301	40.8628	38.9852	40.4873	36.3566	40.8628	24639.8	28	3.16	2021-08-27 16:11::26
1727	4189AB83	671	24628.7	34.2301	39.4873	37.9852	39.4873	35.3566	40.6138	24639.2	28	3.16	2021-08-27 16:11::27
1728	4189AB83	672	24629.7	35.2301	40.4873	38.9852	40.1118	36.3566	41.2383	24640.6	28	3.16	2021-08-27 16:11::28
1729	4189AB83	673	24629.1	34.2301	39.1118	37.6097	39.4873	35.3566	40.2383	24639.2	28	3.16	2021-08-27 16:11::28
1730	4189AB83	675	24629.4	34.2301	39.1118	37.6097	38.7362	35.7322	39.8628	24639.9	28	3.16	2021-08-27 16:11::30
1731	4189AB83	676	24629.8	34.6056	38.7362	37.2342	39.1118	35.3566	39.8628	24639.6	28	3.16	2021-08-27 16:11::31
1732	4189AB83	677	24630.6	34.2301	38.7362	36.8587	38.7362	35.7322	40.2383	24640.7	28	3.16	2021-08-27 16:11::32
1733	4189AB83	678	24630.6	34.2301	38.7362	36.8587	38.7362	35.7322	39.8628	126.981	28	3.16	2021-08-27 16:11::33
1734	4189AB83	679	24630.6	34.2301	38.7362	36.8587	38.3607	35.3566	39.8628	24640.7	28	3.16	2021-08-27 16:11::34
1735	4189AB83	680	24630.9	34.2301	38.3607	36.8587	38.3607	35.7322	39.4873	24640.3	-55	1.22	2021-08-27 16:11::35
1736	4189AB83	681	24547.3	-49.7699	-51.6474	-51.6474	-51.6474	-51.6474	-51.6474	-51.6474	28	3.16	2021-08-27 16:11::36
1737	4189AB83	681	24631.7	33.8546	38.3607	36.4832	38.3607	36.1077	39.1118	24640.7	28	3.16	2021-08-27 16:11::36
1738	4189AB83	682	28.3526	28.3526	28.3526	28.3526	24418.9	20384	962.248	8103.33	28	3.16	2021-08-27 16:11::37
1739	4189AB83	683	24632.4	33.8546	37.9852	36.1077	37.9852	35.7322	39.1118	24641.1	28	3.16	2021-08-27 16:11::37
1740	4189AB83	685	24632.4	33.8546	37.9852	35.7322	38.3607	35.7322	39.1118	24641.1	28	3.16	2021-08-27 16:11::39
1741	4189AB83	686	24632.4	33.8546	37.6097	35.7322	37.6097	35.7322	38.7362	24641.4	28	3.16	2021-08-27 16:11::40
1742	4189AB83	687	24633.2	34.2301	37.6097	35.3566	37.6097	35.3566	38.7362	24641.4	28	3.16	2021-08-27 16:11::41
1743	4189AB83	688	24633.2	33.8546	37.6097	35.7322	37.6097	35.3566	38.7362	32.3526	28	3.16	2021-08-27 16:11::42
1744	4189AB83	689	24633.6	33.4791	37.6097	34.9811	37.6097	34.9811	38.3607	32.3526	28	3.16	2021-08-27 16:11::43
1745	4189AB83	690	24633.6	33.8546	37.2342	34.9811	37.2342	35.3566	38.3607	32.3526	28	3.15	2021-08-27 16:11::44
1746	4189AB83	691	24632.9	32.4791	36.2342	34.3566	36.2342	34.3566	37.3607	31.3526	28	3.15	2021-08-27 16:11::45
1747	4189AB83	692	24633.9	33.8546	37.2342	35.7322	36.8587	34.9811	38.3607	32.3526	28	3.16	2021-08-27 16:11::46
1748	4189AB83	693	24634.3	33.8546	36.8587	34.9811	37.2342	35.3566	37.9852	32.7281	-55	1.22	2021-08-27 16:11::46
1749	4189AB83	694	24634.7	33.8546	37.2342	34.6056	37.2342	34.9811	38.3607	32.7281	28	3.16	2021-08-27 16:11::47
1750	4189AB83	695	24633.7	32.8546	35.8587	33.6056	36.2342	34.3566	36.9852	32.1036	28	3.16	2021-08-27 16:11::48
1751	4189AB83	696	24633.7	32.8546	35.4832	33.2301	35.8587	34.3566	36.6097	31.7281	28	3.16	2021-08-27 16:11::49
1752	4189AB83	697	24634.1	32.4791	35.4832	33.6056	35.8587	34.7322	36.6097	32.4791	28	3.16	2021-08-27 16:11::50
1753	4189AB83	698	24634.1	32.4791	35.4832	33.9811	35.4832	34.3566	36.6097	32.4791	28	3.15	2021-08-27 16:11::51
1754	4189AB83	699	24634.1	32.4791	35.4832	33.6056	35.8587	33.9811	36.9852	31.7281	28	3.15	2021-08-27 16:11::52
1755	4189AB83	700	24635.4	33.4791	36.4832	34.6056	36.8587	34.9811	37.6097	33.4791	28	3.15	2021-08-27 16:11::53
1756	4189AB83	702	24634.4	32.8546	35.4832	33.2301	35.8587	34.3566	36.6097	32.1036	28	3.15	2021-08-27 16:11::55
1757	4189AB83	703	24551.4	-50.5209	-47.8923	-51.6474	-51.6474	-51.6474	-51.6474	-51.6474	28	3.16	2021-08-27 16:11::55
1758	4189AB83	704	24634.8	32.4791	34.7322	33.2301	35.1077	33.9811	36.6097	32.1036	28	3.15	2021-08-27 16:11::56
1759	0	705	24634.8	32.4791	35.1077	33.2301	35.1077	33.9811	36.2342	32.4791	25	1.23	2021-08-27 16:11::57
1760	4189AB83	706	24635.2	32.1036	34.7322	32.8546	35.1077	33.9811	36.2342	32.4791	-55	1.22	2021-08-27 16:11::58
1761	4189AB83	706	24635.2	32.4791	34.7322	33.2301	35.1077	33.6056	36.2342	32.1036	28	3.15	2021-08-27 16:11::59
1762	4189AB83	707	24635.2	32.4791	34.3566	32.8546	35.4832	33.6056	36.2342	32.4791	28	3.15	2021-08-27 16:11::59
1763	4189AB83	708	24635.2	32.1036	34.7322	33.2301	35.1077	33.6056	35.8587	32.1036	28	3.15	2021-08-27 16:12::00
1764	4189AB83	709	24635.6	32.4791	34.7322	32.8546	34.7322	33.9811	36.2342	32.4791	28	3.15	2021-08-27 16:12::01
1765	4189AB83	197	24635.6	32.1036	34.7322	32.8546	35.1077	33.6056	36.2342	32.1036	25	1.23	2021-08-27 16:12::02
1766	4189AB83	711	24635.6	32.4791	34.3566	32.8546	34.7322	33.6056	35.8587	32.4791	69	1.22	2021-08-27 16:12::03
1767	4189AB83	712	24552.6	-50.5209	-48.2678	-50.5209	-48.2678	-51.6474	-51.6474	-51.6474	28	3.15	2021-08-27 16:12::04
1768	4189AB83	713	24635.2	32.1036	34.7322	32.8546	34.7322	33.6056	35.8587	32.4791	28	3.15	2021-08-27 16:12::04
1769	4189AB83	715	24635.9	32.1036	34.3566	33.2301	34.7322	33.9811	36.2342	32.4791	28	3.15	2021-08-27 16:12::06
1770	4189AB83	716	24635.6	32.1036	34.3566	32.8546	34.3566	33.6056	35.8587	32.1036	-55	1.22	2021-08-27 16:12::07
1771	4189AB83	717	24635.9	31.7281	34.3566	32.8546	34.7322	33.6056	35.4832	32.4791	28	3.15	2021-08-27 16:12::08
1772	4189AB83	718	24635.9	32.1036	33.9811	32.8546	34.7322	33.6056	35.4832	32.4791	28	3.15	2021-08-27 16:12::09
1773	4189AB83	720	24636.3	32.1036	33.9811	32.8546	34.3566	33.2301	35.4832	32.1036	28	3.15	2021-08-27 16:12::11
1774	4189AB83	721	24636.3	32.1036	33.9811	32.8546	34.3566	33.2301	35.8587	32.4791	28	3.15	2021-08-27 16:12::12
1775	4189AB83	722	24636.3	31.7281	33.9811	32.4791	34.3566	33.2301	35.8587	32.4791	28	3.15	2021-08-27 16:12::13
1776	4189AB83	723	24636.3	32.1036	33.9811	32.4791	33.9811	33.2301	35.8587	32.4791	28	3.15	2021-08-27 16:12::13
1777	4189AB83	723	24636.3	32.1036	33.9811	32.8546	34.3566	33.6056	35.8587	32.4791	-55	1.22	2021-08-27 16:12::14
1778	4189AB83	724	24636.3	31.7281	33.9811	32.4791	34.3566	33.6056	35.4832	32.8546	28	3.15	2021-08-27 16:12::14
1779	4189AB83	725	28.3526	28.3526	28.3526	28.3526	3365.89	20323.2	962.248	8103.33	28	3.15	2021-08-27 16:12::15
1780	4189AB83	726	24636.7	32.1036	33.6056	32.4791	33.9811	33.2301	35.8587	32.4791	28	3.15	2021-08-27 16:12::16
1781	4189AB83	727	24636.3	31.7281	33.6056	32.4791	33.9811	33.6056	35.8587	32.1036	28	3.15	2021-08-27 16:12::17
1782	4189AB83	728	24633.7	28.7281	30.6056	29.4791	23939	20386.7	962.248	8103.33	28	3.15	2021-08-27 16:12::18
1783	4189AB83	729	24636.7	31.7281	33.9811	32.4791	33.9811	32.8546	35.1077	32.4791	-55	1.22	2021-08-27 16:12::19
1784	4189AB83	730	24637.1	31.7281	33.6056	32.4791	33.9811	32.8546	35.4832	32.4791	28	3.15	2021-08-27 16:12::20
1785	4189AB83	731	24637.1	31.7281	33.2301	32.4791	33.9811	33.2301	35.1077	32.1036	28	3.15	2021-08-27 16:12::21
1786	4189AB83	732	24636.7	31.7281	33.6056	32.4791	33.9811	32.8546	35.4832	32.4791	28	3.15	2021-08-27 16:12::21
1787	4189AB83	733	24637.1	31.7281	33.2301	32.4791	33.6056	32.8546	35.1077	32.4791	28	3.15	2021-08-27 16:12::22
1788	4189AB83	734	24554.4	-51.2719	-49.7699	-50.5209	-49.0189	-50.5209	-47.5168	-51.2719	28	3.15	2021-08-27 16:12::23
1789	4189AB83	735	24637.4	31.7281	33.2301	32.4791	33.6056	32.8546	35.1077	32.4791	28	3.15	2021-08-27 16:12::24
1790	4189AB83	736	24637.4	31.7281	33.2301	32.4791	33.2301	32.8546	35.1077	32.8546	28	3.15	2021-08-27 16:12::25
1791	4189AB83	737	24554.4	-51.6474	-51.6474	-51.6474	-51.6474	-51.6474	-51.6474	-51.6474	28	3.15	2021-08-27 16:12::26
1792	4189AB83	738	24637.4	31.7281	32.8546	32.1036	33.9811	32.4791	35.1077	32.4791	-55	1.22	2021-08-27 16:12::27
1793	4189AB83	740	24637.4	31.7281	32.8546	32.4791	33.9811	32.8546	35.4832	32.4791	28	3.15	2021-08-27 16:12::29
1794	4189AB83	741	24637.8	32.1036	33.6056	32.4791	33.6056	32.4791	35.1077	32.4791	28	3.15	2021-08-27 16:12::30
1795	4189AB83	742	24637.4	31.7281	33.6056	32.1036	33.6056	32.4791	35.1077	32.8546	28	3.15	2021-08-27 16:12::31
1796	4189AB83	743	24637.4	31.3526	32.8546	32.4791	33.6056	32.4791	34.7322	31.7281	28	3.15	2021-08-27 16:12::31
1797	4189AB83	745	24637.8	31.7281	33.2301	32.4791	33.6056	32.8546	35.1077	32.4791	28	3.15	2021-08-27 16:12::33
1798	4189AB83	746	24637.4	31.7281	33.2301	32.4791	33.6056	32.1036	35.1077	32.1036	28	3.15	2021-08-27 16:12::34
1799	4189AB83	747	24637.4	31.7281	32.8546	32.4791	33.6056	32.4791	34.7322	32.1036	28	3.15	2021-08-27 16:12::35
1800	4189AB83	748	24633.7	32.8546	35.8587	33.6056	36.2342	34.3566	36.9852	32.1036	28	3.15	2021-08-27 16:12::36
0.08
1801	0	512	24633.7	32.8546	35.4832	33.2301	35.8587	34.3566	36.6097	31.7281	25	1.23	2021-08-27 16:12::37
1802	4189AB83	750	24634.1	32.4791	35.4832	33.6056	35.8587	34.7322	36.6097	32.4791	28	3.15	2021-08-27 16:12::38
1803	4189AB83	751	24634.1	32.4791	35.4832	33.9811	35.4832	34.3566	36.6097	32.4791	28	3.15	2021-08-27 16:12::39
1804	4189AB83	753	24634.1	32.4791	35.4832	33.6056	35.8587	33.9811	36.9852	31.7281	28	3.15	2021-08-27 16:12::40
1805	4189AB83	754	24635.4	33.4791	36.4832	34.6056	36.8587	34.9811	37.6097	33.4791	28	3.15	2021-08-27 16:12::41
1806	4189AB83	755	24634.4	32.8546	35.4832	33.2301	35.8587	34.3566	36.6097	32.1036	28	3.15	2021-08-27 16:12::42
1807	4189AB83	756	24551.4	-50.5209	-47.8923	-51.6474	-51.6474	-51.6474	-51.6474	-51.6474	28	3.14	2021-08-27 16:12::43
1808	4189AB83	757	24634.8	32.4791	34.7322	33.2301	35.1077	33.9811	36.6097	32.1036	28	3.15	2021-08-27 16:12::44
1809	4189AB83	757	24634.8	32.4791	35.1077	33.2301	35.1077	33.9811	36.2342	32.4791	28	3.15	2021-08-27 16:12::44
1810	4189AB83	758	24635.2	32.1036	34.7322	32.8546	35.1077	33.9811	36.2342	32.4791	28	3.15	2021-08-27 16:12::45
1811	4189AB83	759	24635.2	32.4791	34.7322	33.2301	35.1077	33.6056	36.2342	32.1036	28	3.14	2021-08-27 16:12::46
1812	4189AB83	760	24635.2	32.4791	34.3566	32.8546	35.4832	33.6056	36.2342	32.4791	28	3.14	2021-08-27 16:12::47
1813	4189AB83	761	24635.2	32.1036	34.7322	33.2301	35.1077	33.6056	35.8587	32.1036	28	3.14	2021-08-27 16:12::48
1814	4189AB83	762	24635.6	32.4791	34.7322	32.8546	34.7322	33.9811	36.2342	32.4791	28	3.15	2021-08-27 16:12::48
1815	4189AB83	763	24635.6	32.1036	34.7322	32.8546	35.1077	33.6056	36.2342	32.1036	28	3.15	2021-08-27 16:12::49
1816	4189AB83	764	24635.6	32.4791	34.3566	32.8546	34.7322	33.6056	35.8587	32.4791	28	3.14	2021-08-27 16:12::50
1817	4189AB83	766	24552.6	-50.5209	-48.2678	-50.5209	-48.2678	-51.6474	-51.6474	-51.6474	28	3.15	2021-08-27 16:12::52
1818	4189AB83	767	24635.2	32.1036	34.7322	32.8546	34.7322	33.6056	35.8587	32.4791	28	3.14	2021-08-27 16:12::53
1819	4189AB83	768	24635.9	32.1036	34.3566	33.2301	34.7322	33.9811	36.2342	32.4791	28	3.14	2021-08-27 16:12::54
1820	4189AB83	769	24635.6	32.1036	34.3566	32.8546	34.3566	33.6056	35.8587	32.1036	28	3.14	2021-08-27 16:12::55
1821	4189AB83	770	24635.9	31.7281	34.3566	32.8546	34.7322	33.6056	35.4832	32.4791	28	3.14	2021-08-27 16:12::56
1822	4189AB83	771	24635.9	32.1036	33.9811	32.8546	34.7322	33.6056	35.4832	32.4791	-55	1.22	2021-08-27 16:12::57
1823	4189AB83	772	24636.3	32.1036	33.9811	32.8546	34.3566	33.2301	35.4832	32.1036	28	3.14	2021-08-27 16:12::57
1824	4189AB83	773	24636.3	32.1036	33.9811	32.8546	34.3566	33.2301	35.8587	32.4791	28	3.14	2021-08-27 16:12::58
1825	4189AB83	774	24636.3	31.7281	33.9811	32.4791	34.3566	33.2301	35.8587	32.4791	28	3.14	2021-08-27 16:12::59
1826	4189AB83	775	24636.3	32.1036	33.9811	32.4791	33.9811	33.2301	35.8587	32.4791	28	3.14	2021-08-27 16:13::00
1827	4189AB83	776	24636.3	32.1036	33.9811	32.8546	34.3566	33.6056	35.8587	32.4791	28	3.14	2021-08-27 16:13::01
1828	4189AB83	778	24636.3	31.7281	33.9811	32.4791	34.3566	33.6056	35.4832	32.8546	-55	1.22	2021-08-27 16:13::03
1829	4189AB83	779	28.3526	28.3526	28.3526	28.3526	3365.89	20323.2	962.248	8103.33	28	3.14	2021-08-27 16:13::04
1830	4189AB83	780	24636.7	32.1036	33.6056	32.4791	33.9811	33.2301	35.8587	32.4791	28	3.14	2021-08-27 16:13::05
1831	4189AB83	782	24636.3	31.7281	33.6056	32.4791	33.9811	33.6056	35.8587	32.1036	28	3.14	2021-08-27 16:13::06
1832	4189AB83	783	24633.7	28.7281	30.6056	29.4791	23939	20386.7	962.248	8103.33	-55	1.22	2021-08-27 16:13::07
1833	4189AB83	784	24636.7	31.7281	33.9811	32.4791	33.9811	32.8546	35.1077	32.4791	28	3.14	2021-08-27 16:13::08
1834	4189AB83	785	24637.1	31.7281	33.6056	32.4791	33.9811	32.8546	35.4832	32.4791	28	3.14	2021-08-27 16:13::09
1835	4189AB83	787	24637.1	31.7281	33.2301	32.4791	33.9811	33.2301	35.1077	32.1036	28	3.14	2021-08-27 16:13::11
1836	4189AB83	788	24636.7	31.7281	33.6056	32.4791	33.9811	32.8546	35.4832	32.4791	-55	1.22	2021-08-27 16:13::12
1837	4189AB83	789	24637.1	31.7281	33.2301	32.4791	33.6056	32.8546	35.1077	32.4791	28	3.14	2021-08-27 16:13::13
1838	4189AB83	790	24554.4	-51.2719	-49.7699	-50.5209	-49.0189	-50.5209	-47.5168	-51.2719	28	3.14	2021-08-27 16:13::14
1839	4189AB83	791	24637.4	31.7281	33.2301	32.4791	33.6056	32.8546	35.1077	32.4791	28	3.14	2021-08-27 16:13::15
1840	4189AB83	792	24637.4	31.7281	33.2301	32.4791	33.2301	32.8546	35.1077	32.8546	28	3.14	2021-08-27 16:13::15
1841	4189AB83	793	24554.4	-51.6474	-51.6474	-51.6474	-51.6474	-51.6474	-51.6474	-51.6474	28	3.14	2021-08-27 16:13::16
1842	4189AB83	794	24637.4	31.7281	32.8546	32.1036	33.9811	32.4791	35.1077	32.4791	-55	1.22	2021-08-27 16:13::17
1843	4189AB83	795	24637.4	31.7281	32.8546	32.4791	33.9811	32.8546	35.4832	32.4791	28	3.14	2021-08-27 16:13::18
1844	4189AB83	796	24637.8	32.1036	33.6056	32.4791	33.6056	32.4791	35.1077	32.4791	28	3.14	2021-08-27 16:13::19
1845	4189AB83	797	24637.4	31.7281	33.6056	32.1036	33.6056	32.4791	35.1077	32.8546	28	3.14	2021-08-27 16:13::20
1846	4189AB83	798	24637.4	31.3526	32.8546	32.4791	33.6056	32.4791	34.7322	31.7281	28	3.14	2021-08-27 16:13::21
1847	4189AB83	800	24637.8	31.7281	33.2301	32.4791	33.6056	32.8546	35.1077	32.4791	28	3.14	2021-08-27 16:13::23
1848	4189AB83	801	24637.4	31.7281	33.2301	32.4791	33.6056	32.1036	35.1077	32.1036	28	3.14	2021-08-27 16:13::24
1849	89AB83	802	24637.4	31.7281	32.8546	32.4791	33.6056	32.4791	34.7322	32.1036	-55	1.22	2021-08-27 16:13::24
1850	4189AB83	803	28.3526	28.3526	28.3526	28.3526	3943.8	20320.6	962.248	8103.33	28	3.14	2021-08-27 16:13::25
1851	4189AB83	804	24637.8	31.3526	33.2301	32.4791	32.8546	32.1036	34.7322	32.1036	28	3.14	2021-08-27 16:13::26
1852	4189AB83	805	24637.8	31.3526	32.8546	31.7281	33.6056	31.7281	34.7322	31.7281	28	3.14	2021-08-27 16:13::27
1853	4189AB83	806	24637.4	31.3526	33.2301	32.4791	33.2301	32.1036	34.7322	32.1036	28	3.14	2021-08-27 16:13::28
1854	4189AB83	807	24637.8	31.3526	32.8546	32.4791	33.2301	31.7281	35.1077	32.1036	28	3.14	2021-08-27 16:13::29
1855	4189AB83	809	24637.4	31.7281	32.8546	32.1036	33.6056	31.7281	35.1077	32.1036	28	3.14	2021-08-27 16:13::31
1856	4189AB83	810	24638.2	24640.4	32.4791	32.4791	33.6056	32.1036	35.1077	32.1036	28	3.14	2021-08-27 16:13::32
1857	4189AB83	811	24638.2	31.7281	32.4791	32.1036	33.2301	31.7281	34.7322	31.7281	28	3.14	2021-08-27 16:13::33
1858	4189AB83	812	24637.8	31.3526	32.4791	32.4791	32.8546	31.7281	34.7322	32.1036	28	3.14	2021-08-27 16:13::33
1859	4189AB83	814	24637.8	31.3526	32.4791	32.4791	33.2301	31.7281	34.3566	32.1036	28	3.14	2021-08-27 16:13::35
1860	4189AB83	815	24638.2	31.3526	32.4791	32.4791	33.2301	32.1036	34.7322	32.1036	28	3.14	2021-08-27 16:13::36
1861	4189AB83	816	24638.2	31.3526	32.4791	32.8546	33.2301	31.7281	34.7322	31.7281	28	3.14	2021-08-27 16:13::37
1862	4189AB83	817	24637.8	24640.4	32.4791	32.4791	33.2301	31.3526	35.1077	31.7281	28	3.14	2021-08-27 16:13::38
1863	4189AB83	819	24638.2	31.3526	32.4791	32.4791	33.2301	31.3526	34.7322	32.1036	28	3.14	2021-08-27 16:13::40
1864	4189AB83	820	24638.2	31.3526	32.4791	32.1036	32.8546	31.3526	35.1077	31.7281	28	3.14	2021-08-27 16:13::41
1865	4189AB83	821	24638.2	24640.4	32.4791	32.4791	32.8546	31.7281	35.1077	31.7281	28	3.14	2021-08-27 16:13::42
1866	4189AB83	822	24638.6	31.3526	32.4791	32.1036	32.8546	31.7281	34.7322	32.1036	28	3.13	2021-08-27 16:13::42
1867	4189AB83	823	24638.2	31.3526	32.4791	32.1036	33.2301	24640.4	34.7322	32.1036	28	3.14	2021-08-27 16:13::43
1868	0	824	24638.6	24640.4	32.4791	32.4791	32.8546	31.3526	34.7322	31.3526	25	1.23	2021-08-27 16:13::44
1869	4189AB83	825	24638.6	24640.4	32.1036	32.1036	32.8546	31.3526	35.1077	31.7281	28	1.22	2021-08-27 16:13::45
1870	4189AB83	826	24638.6	24640.4	32.8546	32.1036	33.2301	31.3526	35.1077	31.7281	28	3.13	2021-08-27 16:13::46
1871	4189AB83	827	24638.6	31.3526	32.4791	32.4791	32.8546	24640.4	34.7322	32.1036	28	3.13	2021-08-27 16:13::47
1872	4189AB83	828	24638.2	24640.1	32.1036	32.1036	32.8546	31.3526	35.1077	31.7281	28	3.14	2021-08-27 16:13::48
1873	4189AB83	829	24638.6	24640.4	32.4791	32.4791	32.8546	24639.7	35.1077	31.7281	28	3.13	2021-08-27 16:13::49
1874	4189AB83	830	-51.6474	-51.6474	-51.6474	-51.6474	-51.6474	-51.6474	-51.6474	-51.6474	28	3.13	2021-08-27 16:13::50
1875	4189AB83	832	24638.6	24640.4	31.7281	32.4791	32.8546	24640.4	35.1077	32.1036	28	3.13	2021-08-27 16:13::51
1876	4189AB83	833	24638.9	24640.4	31.7281	32.4791	32.4791	24640.1	35.1077	31.7281	28	3.13	2021-08-27 16:13::52
1877	4189AB83	834	24638.9	24640.4	32.4791	32.4791	32.8546	24640.4	34.7322	31.7281	28	3.13	2021-08-27 16:13::53
1878	4189AB83	834	24638.6	24640.1	32.1036	32.1036	32.8546	24640.4	35.1077	31.3526	-55	1.22	2021-08-27 16:13::54
1879	4189AB83	835	24638.6	24640.4	31.7281	32.1036	32.8546	24640.4	34.7322	31.7281	-55	1.22	2021-08-27 16:13::54
1880	4189AB83	836	24638.6	24640.1	32.4791	32.1036	32.8546	24640.1	35.1077	31.7281	28	3.13	2021-08-27 16:13::55
1881	4189AB83	837	24638.9	24640.1	31.7281	32.1036	32.8546	24640.1	34.7322	31.7281	28	3.13	2021-08-27 16:13::56
1882	4189AB83	838	24638.9	24640.4	31.7281	32.4791	33.2301	24640.1	34.7322	31.7281	28	3.13	2021-08-27 16:13::57
1883	4189AB83	839	24638.9	24640.4	32.1036	32.4791	32.8546	24640.1	35.1077	31.3526	28	3.13	2021-08-27 16:13::58
1884	4189AB83	840	24638.6	24640.4	31.7281	32.1036	32.8546	24639.7	34.7322	31.7281	28	3.13	2021-08-27 16:13::59
1885	4189AB83	842	24638.9	24639.7	31.7281	32.4791	32.8546	24639.7	35.1077	32.1036	28	3.13	2021-08-27 16:14::00
1886	4189AB83	843	24638.9	24640.4	31.7281	32.1036	32.8546	24639.7	35.1077	31.3526	28	3.13	2021-08-27 16:14::01
1887	4189AB83	844	24638.9	24640.4	31.7281	32.1036	32.4791	24640.1	35.1077	31.7281	28	3.14	2021-08-27 16:14::02
1888	4189AB83	845	24639.3	24639.7	31.7281	32.1036	32.4791	24639.7	35.1077	31.3526	28	3.13	2021-08-27 16:14::03
1889	4189AB83	846	24555.9	24557.1	-51.2719	-50.8964	41.8547	6100.72	4274.24	5812.33	28	3.13	2021-08-27 16:14::04
1890	4189AB83	847	24638.9	24640.1	32.1036	32.1036	32.4791	24639.3	35.1077	31.7281	28	3.13	2021-08-27 16:14::05
1891	4189AB83	848	24639.3	24640.1	32.4791	32.1036	32.4791	24639.7	35.1077	31.7281	28	3.13	2021-08-27 16:14::06
1892	4189AB83	849	24638.9	24640.4	32.1036	32.1036	32.4791	24639.7	35.1077	31.3526	28	3.13	2021-08-27 16:14::07
1893	4189AB83	850	24639.3	24640.1	31.7281	32.4791	32.8546	24639.7	34.7322	31.3526	28	3.13	2021-08-27 16:14::08
1894	4189AB83	851	24638.9	24640.4	31.7281	32.1036	32.8546	24639.7	35.1077	31.3526	28	3.13	2021-08-27 16:14::09
1895	4189AB83	852	24639.3	24639.7	31.7281	32.1036	32.4791	24639.3	34.7322	31.3526	28	3.13	2021-08-27 16:14::09
1896	4189AB83	853	24638.9	24640.1	31.7281	32.1036	32.8546	24639.3	35.1077	31.7281	-55	1.22	2021-08-27 16:14::10
1897	4189AB83	854	24638.9	24639.7	32.1036	32.4791	32.8546	24639.7	35.1077	31.3526	28	3.13	2021-08-27 16:14::11
1898	4189AB83	855	24639.3	24639.7	31.7281	32.1036	32.8546	24639.7	35.1077	31.7281	28	3.13	2021-08-27 16:14::12
1899	4189AB83	856	24638.9	24639.7	31.3526	32.4791	32.8546	24639.7	35.1077	31.3526	28	3.13	2021-08-27 16:14::13
1900	89AB83	858	28.3526	28.3526	28.3526	28.3526	3943.8	20320.6	962.248	8103.33	-55	1.22	2021-08-27 16:14::15
0.1
1901	4189AB83	859	24637.8	31.3526	33.2301	32.4791	32.8546	32.1036	34.7322	32.1036	28	3.13	2021-08-27 16:14::16
1902	4189AB83	860	24637.8	31.3526	32.8546	31.7281	33.6056	31.7281	34.7322	31.7281	28	3.13	2021-08-27 16:14::17
1903	4189AB83	861	24637.4	31.3526	33.2301	32.4791	33.2301	32.1036	34.7322	32.1036	28	3.13	2021-08-27 16:14::18
1904	4189AB83	863	24637.8	31.3526	32.8546	32.4791	33.2301	31.7281	35.1077	32.1036	28	3.13	2021-08-27 16:14::19
1905	4189AB83	864	24637.4	31.7281	32.8546	32.1036	33.6056	31.7281	35.1077	32.1036	-55	1.22	2021-08-27 16:14::20
1906	4189AB83	865	24638.2	24640.4	32.4791	32.4791	33.6056	32.1036	35.1077	32.1036	28	3.13	2021-08-27 16:14::21
1907	4189AB83	866	24638.2	31.7281	32.4791	32.1036	33.2301	31.7281	34.7322	31.7281	-55	1.22	2021-08-27 16:14::22
1908	4189AB83	867	24637.8	31.3526	32.4791	32.4791	32.8546	31.7281	34.7322	32.1036	28	3.13	2021-08-27 16:14::23
1909	4189AB83	868	24637.8	31.3526	32.4791	32.4791	33.2301	31.7281	34.3566	32.1036	28	3.13	2021-08-27 16:14::24
1910	4189AB83	869	24638.2	31.3526	32.4791	32.4791	33.2301	32.1036	34.7322	32.1036	28	3.13	2021-08-27 16:14::25
1911	4189AB83	870	24638.2	31.3526	32.4791	32.8546	33.2301	31.7281	34.7322	31.7281	28	3.13	2021-08-27 16:14::26
1912	0	768	24637.8	24640.4	32.4791	32.4791	33.2301	31.3526	35.1077	31.7281	25	1.23	2021-08-27 16:14::27
1913	4189AB83	872	24638.2	31.3526	32.4791	32.4791	33.2301	31.3526	34.7322	32.1036	-55	1.22	2021-08-27 16:14::27
1914	4189AB83	873	24638.2	31.3526	32.4791	32.1036	32.8546	31.3526	35.1077	31.7281	28	3.13	2021-08-27 16:14::28
1915	4189AB83	874	24638.2	24640.4	32.4791	32.4791	32.8546	31.7281	35.1077	31.7281	28	3.13	2021-08-27 16:14::29
1916	4189AB83	875	24638.6	31.3526	32.4791	32.1036	32.8546	31.7281	34.7322	32.1036	28	3.13	2021-08-27 16:14::30
1917	4189AB83	876	24638.2	31.3526	32.4791	32.1036	33.2301	24640.4	34.7322	32.1036	28	3.13	2021-08-27 16:14::31
1918	4189AB83	877	24638.6	24640.4	32.4791	32.4791	32.8546	31.3526	34.7322	31.3526	28	3.13	2021-08-27 16:14::32
1919	83	878	24638.6	24640.4	32.1036	32.1036	32.8546	31.3526	35.1077	31.7281	25	1.23	2021-08-27 16:14::33
1920	4189AB83	879	24638.6	24640.4	32.8546	32.1036	33.2301	31.3526	35.1077	31.7281	28	3.13	2021-08-27 16:14::34
1921	4189AB83	880	24638.6	31.3526	32.4791	32.4791	32.8546	24640.4	34.7322	32.1036	28	3.13	2021-08-27 16:14::35
1922	4189AB83	881	24638.2	24640.1	32.1036	32.1036	32.8546	31.3526	35.1077	31.7281	28	3.13	2021-08-27 16:14::35
1923	4189AB83	882	24638.6	24640.4	32.4791	32.4791	32.8546	24639.7	35.1077	31.7281	28	3.13	2021-08-27 16:14::36
1924	4189AB83	883	-51.6474	-51.6474	-51.6474	-51.6474	-51.6474	-51.6474	-51.6474	-51.6474	28	3.13	2021-08-27 16:14::37
1925	4189AB83	883	24638.6	24640.4	31.7281	32.4791	32.8546	24640.4	35.1077	32.1036	28	3.13	2021-08-27 16:14::38
1926	4189AB83	884	24638.9	24640.4	31.7281	32.4791	32.4791	24640.1	35.1077	31.7281	28	3.13	2021-08-27 16:14::38
1927	4189AB83	885	24638.9	24640.4	32.4791	32.4791	32.8546	24640.4	34.7322	31.7281	28	3.13	2021-08-27 16:14::39
1928	4189AB83	886	24638.6	24640.1	32.1036	32.1036	32.8546	24640.4	35.1077	31.3526	-55	1.22	2021-08-27 16:14::40
1929	4189AB83	887	24638.6	24640.4	31.7281	32.1036	32.8546	24640.4	34.7322	31.7281	28	3.13	2021-08-27 16:14::41
1930	4189AB83	888	24638.6	24640.1	32.4791	32.1036	32.8546	24640.1	35.1077	31.7281	28	3.13	2021-08-27 16:14::42
1931	4189AB83	889	24638.9	24640.1	31.7281	32.1036	32.8546	24640.1	34.7322	31.7281	28	3.13	2021-08-27 16:14::43
1932	4189AB83	890	24638.9	24640.4	31.7281	32.4791	33.2301	24640.1	34.7322	31.7281	28	3.13	2021-08-27 16:14::44
1933	4189AB83	891	24638.9	24640.4	32.1036	32.4791	32.8546	24640.1	35.1077	31.3526	28	3.13	2021-08-27 16:14::45
1934	4189AB83	892	24638.6	24640.4	31.7281	32.1036	32.8546	24639.7	34.7322	31.7281	-55	1.22	2021-08-27 16:14::45
1935	4189AB83	893	24638.9	24639.7	31.7281	32.4791	32.8546	24639.7	35.1077	32.1036	28	3.13	2021-08-27 16:14::46
1936	4189AB83	894	24638.9	24640.4	31.7281	32.1036	32.8546	24639.7	35.1077	31.3526	28	3.12	2021-08-27 16:14::47
1937	4189AB83	895	24638.9	24640.4	31.7281	32.1036	32.4791	24640.1	35.1077	31.7281	28	3.13	2021-08-27 16:14::48
1938	4189AB83	896	24639.3	24639.7	31.7281	32.1036	32.4791	24639.7	35.1077	31.3526	28	3.13	2021-08-27 16:14::49
1939	4189AB83	897	24555.9	24557.1	-51.2719	-50.8964	41.8547	6100.72	4274.24	5812.33	28	3.13	2021-08-27 16:14::50
1940	83	898	24638.9	24640.1	32.1036	32.1036	32.4791	24639.3	35.1077	31.7281	25	1.23	2021-08-27 16:14::51
1941	4189AB83	899	24639.3	24640.1	32.4791	32.1036	32.4791	24639.7	35.1077	31.7281	28	3.12	2021-08-27 16:14::52
1942	4189AB83	900	24638.9	24640.4	32.1036	32.1036	32.4791	24639.7	35.1077	31.3526	28	3.13	2021-08-27 16:14::53
1943	4189AB83	901	24639.3	24640.1	31.7281	32.4791	32.8546	24639.7	34.7322	31.3526	28	3.13	2021-08-27 16:14::53
1944	4189AB83	902	24638.9	24640.4	31.7281	32.1036	32.8546	24639.7	35.1077	31.3526	28	3.13	2021-08-27 16:14::54
1945	4189AB83	903	24639.3	24639.7	31.7281	32.1036	32.4791	24639.3	34.7322	31.3526	28	3.13	2021-08-27 16:14::55
1946	4189AB83	904	24638.9	24640.1	31.7281	32.1036	32.8546	24639.3	35.1077	31.7281	28	3.13	2021-08-27 16:14::56
1947	4189AB83	905	24638.9	24639.7	32.1036	32.4791	32.8546	24639.7	35.1077	31.3526	-55	1.22	2021-08-27 16:14::57
1948	4189AB83	906	24639.3	24639.7	31.7281	32.1036	32.8546	24639.7	35.1077	31.7281	28	3.13	2021-08-27 16:14::58
1949	4189AB83	907	24638.9	24639.7	31.3526	32.4791	32.8546	24639.7	35.1077	31.3526	28	3.13	2021-08-27 16:14::59
1950	4189AB83	908	24639.3	24640.4	31.7281	32.1036	32.8546	24639.3	35.1077	31.7281	28	3.12	2021-08-27 16:15::00
1951	4189AB83	909	24639.3	24640.1	31.3526	32.1036	32.1036	24639.7	34.7322	31.3526	28	3.13	2021-08-27 16:15::01
1952	4189AB83	910	24556.3	24556.7	-51.6474	-50.8964	-50.5209	-51.6474	-51.6474	-51.6474	28	3.12	2021-08-27 16:15::02
1953	0	768	24556.7	24556.7	-51.2719	-51.6474	-51.6474	-51.6474	-51.6474	-51.6474	25	1.23	2021-08-27 16:15::02
1954	4189AB83	912	24639.7	24640.1	31.3526	32.1036	32.1036	24639.3	35.1077	31.3526	28	3.12	2021-08-27 16:15::03
1955	4189AB83	913	24639.7	24640.1	31.3526	32.1036	32.4791	24639.3	34.7322	31.3526	28	3.12	2021-08-27 16:15::04
1956	4189AB83	915	24556.7	24556.7	-51.6474	-50.8964	-50.1454	24555.9	-47.8923	-51.6474	28	3.12	2021-08-27 16:15::06
1957	4189AB83	916	24639.3	24639.7	31.3526	32.1036	32.8546	24638.9	35.1077	31.3526	28	3.13	2021-08-27 16:15::07
1958	4189AB83	917	24639.7	24639.7	31.3526	32.1036	32.8546	24638.6	35.1077	31.3526	28	3.12	2021-08-27 16:15::08
1959	4189AB83	918	28.3526	28.3526	28.3526	28.3526	11808.9	20354.7	962.248	8199.47	28	3.12	2021-08-27 16:15::09
1960	4189AB83	919	24639.7	24639.7	31.3526	32.4791	32.4791	24638.6	35.1077	31.3526	28	3.12	2021-08-27 16:15::10
1961	4189AB83	920	24639.7	24639.7	31.7281	32.1036	32.4791	24638.9	34.7322	31.7281	28	3.12	2021-08-27 16:15::11
1962	4189AB83	921	24639.7	24639.7	31.3526	32.1036	32.4791	24638.9	35.1077	31.3526	28	3.12	2021-08-27 16:15::11
1963	4189AB83	922	24639.3	24640.1	31.3526	32.1036	32.4791	24638.6	35.1077	31.3526	28	3.12	2021-08-27 16:15::12
1964	4189AB83	923	24639.7	24639.7	31.3526	32.4791	32.4791	24638.6	35.1077	31.3526	28	3.12	2021-08-27 16:15::13
1965	4189AB83	924	24639.7	24639.7	24640.4	32.4791	32.4791	24638.2	34.7322	31.3526	28	3.12	2021-08-27 16:15::14
1966	4189AB83	925	24639.7	24639.7	31.3526	32.1036	32.8546	24638.6	35.4832	31.7281	28	3.12	2021-08-27 16:15::15
1967	4189AB83	926	24639.7	24640.1	31.3526	32.1036	32.8546	24638.6	35.1077	31.3526	28	3.12	2021-08-27 16:15::16
1968	4189AB83	927	24639.7	24639.7	31.3526	32.4791	32.4791	24638.6	35.1077	31.3526	28	3.12	2021-08-27 16:15::17
1969	4189AB83	928	24639.3	24640.1	24640.4	32.1036	32.4791	24638.2	34.7322	31.3526	28	3.12	2021-08-27 16:15::18
1970	4189AB83	929	24639.7	24640.1	24640.1	32.1036	32.8546	24638.6	35.4832	31.3526	28	3.12	2021-08-27 16:15::19
1971	4189AB83	930	24640.1	24640.1	31.3526	32.4791	32.1036	24638.6	35.1077	31.3526	28	3.12	2021-08-27 16:15::20
1972	4189AB83	931	24639.7	24639.7	31.3526	32.4791	32.4791	24638.6	35.4832	31.3526	28	3.12	2021-08-27 16:15::20
1973	4189AB83	932	24556.7	24556.7	-51.6474	-51.6474	-51.6474	-51.6474	-51.6474	-51.6474	28	3.12	2021-08-27 16:15::21
1974	4189AB83	933	24639.7	24639.3	31.3526	32.4791	32.4791	24638.2	35.4832	24640.4	28	3.12	2021-08-27 16:15::22
1975	4189AB83	934	24639.7	24639.7	31.3526	32.4791	32.4791	24638.6	35.4832	24640.4	28	3.12	2021-08-27 16:15::23
1976	4189AB83	935	28.3526	28.3526	28.3526	28.3526	17385.6	20383.7	962.248	8199.47	-55	1.22	2021-08-27 16:15::24
1977	4189AB83	936	24640.1	24639.7	31.3526	32.4791	32.1036	24638.2	35.8587	24640.4	28	3.12	2021-08-27 16:15::25
1978	4189AB83	937	24639.7	24639.7	31.3526	32.1036	32.8546	24638.2	35.4832	31.3526	28	3.12	2021-08-27 16:15::26
1979	4189AB83	938	24639.7	24639.3	31.3526	32.1036	32.4791	24638.2	35.1077	24640.4	28	3.12	2021-08-27 16:15::27
1980	4189AB83	939	24639.7	24639.3	24640.4	32.1036	32.4791	24638.2	35.1077	24640.4	28	3.12	2021-08-27 16:15::28
1981	4189AB83	940	24640.1	24639.7	24640.4	32.1036	32.4791	24638.2	35.4832	24640.4	28	3.12	2021-08-27 16:15::29
1982	4189AB83	941	24640.1	24639.3	31.3526	31.7281	32.4791	24638.2	35.4832	24640.4	-55	1.22	2021-08-27 16:15::29
1983	4189AB83	942	24640.1	24639.7	24640.4	32.1036	32.1036	24637.8	35.8587	31.3526	28	3.12	2021-08-27 16:15::30
1984	4189AB83	943	24640.1	24639.3	24640.4	32.1036	32.4791	24637.8	35.4832	31.7281	28	3.12	2021-08-27 16:15::31
1985	4189AB83	944	24639.7	24639.7	31.3526	32.1036	32.1036	24638.2	35.1077	31.3526	28	3.12	2021-08-27 16:15::32
1986	4189AB83	945	24639.7	24639.7	24640.4	32.1036	32.1036	24637.8	35.8587	31.3526	28	3.12	2021-08-27 16:15::33
1987	4189AB83	947	24639.7	24639.7	24640.4	32.4791	32.4791	24637.8	35.4832	24640.4	28	3.12	2021-08-27 16:15::35
1988	4189AB83	948	24640.1	24639.7	31.3526	32.4791	32.4791	24637.8	35.4832	31.7281	28	3.12	2021-08-27 16:15::36
1989	4189AB83	949	24640.1	24638.9	31.3526	32.4791	32.1036	24637.4	35.4832	31.3526	28	3.12	2021-08-27 16:15::37
1990	4189AB83	950	24640.1	24639.3	24640.4	32.4791	32.4791	24637.4	35.4832	24640.4	28	3.12	2021-08-27 16:15::38
1991	4189AB83	951	24640.1	24639.3	24640.4	32.1036	32.4791	24637.8	35.4832	24640.4	28	3.12	2021-08-27 16:15::38
1992	4189AB83	952	24640.1	24639.3	24640.4	32.1036	32.4791	24637.8	35.8587	31.3526	28	3.12	2021-08-27 16:15::39
1993	4189AB83	953	24640.4	24639.3	31.3526	32.1036	32.4791	24637.4	35.4832	24640.4	-55	1.22	2021-08-27 16:15::40
1994	4189AB83	954	24639.7	24639.3	31.3526	32.4791	32.4791	24637.4	35.4832	24640.4	28	3.12	2021-08-27 16:15::41
1995	4189AB83	955	24640.1	24639.3	31.3526	32.4791	32.4791	24637.4	36.2342	24640.4	28	3.12	2021-08-27 16:15::42
1996	4189AB83	956	24556.7	24556.3	24557.4	-50.5209	-50.8964	24554.4	-51.6474	-51.6474	28	3.12	2021-08-27 16:15::43
1997	4189AB83	957	24640.1	24638.9	31.3526	32.4791	32.4791	24637.4	36.2342	24640.1	28	3.12	2021-08-27 16:15::44
1998	4189AB83	958	24640.1	24638.9	24640.4	32.4791	32.1036	24637.4	35.8587	24640.4	28	3.12	2021-08-27 16:15::45
1999	4189AB83	959	24640.1	125.606	24640.4	32.1036	32.1036	24637.4	35.8587	24640.4	28	3.12	2021-08-27 16:15::46
2000	4189AB83	960	24639.3	24640.4	31.7281	32.1036	32.8546	24639.3	35.1077	31.7281	28	3.12	2021-08-27 16:15::47
0.02
2001	4189AB83	961	24639.3	24640.1	31.3526	32.1036	32.1036	24639.7	34.7322	31.3526	28	3.12	2021-08-27 16:15::47
2002	4189AB83	962	24556.3	24556.7	-51.6474	-50.8964	-50.5209	-51.6474	-51.6474	-51.6474	28	3.12	2021-08-27 16:15::48
2003	4189AB83	963	24556.7	24556.7	-51.2719	-51.6474	-51.6474	-51.6474	-51.6474	-51.6474	28	3.12	2021-08-27 16:15::49
2004	4189AB83	964	24639.7	24640.1	31.3526	32.1036	32.1036	24639.3	35.1077	31.3526	28	3.12	2021-08-27 16:15::50
2005	4189AB83	965	24639.7	24640.1	31.3526	32.1036	32.4791	24639.3	34.7322	31.3526	28	3.12	2021-08-27 16:15::51
2006	4189AB83	966	24556.7	24556.7	-51.6474	-50.8964	-50.1454	24555.9	-47.8923	-51.6474	28	3.12	2021-08-27 16:15::52
2007	4189AB83	967	24639.3	24639.7	31.3526	32.1036	32.8546	24638.9	35.1077	31.3526	28	3.12	2021-08-27 16:15::53
2008	4189AB83	968	24639.7	24639.7	31.3526	32.1036	32.8546	24638.6	35.1077	31.3526	28	3.12	2021-08-27 16:15::54
2009	4189AB83	969	28.3526	28.3526	28.3526	28.3526	11808.9	20354.7	962.248	8199.47	28	3.12	2021-08-27 16:15::55
2010	4189AB83	970	24639.7	24639.7	31.3526	32.4791	32.4791	24638.6	35.1077	31.3526	28	3.12	2021-08-27 16:15::56
2011	4189AB83	971	24639.7	24639.7	31.7281	32.1036	32.4791	24638.9	34.7322	31.7281	28	3.12	2021-08-27 16:15::56
2012	4189AB83	972	24639.7	24639.7	31.3526	32.1036	32.4791	24638.9	35.1077	31.3526	28	3.12	2021-08-27 16:15::57
2013	4189AB83	973	24639.3	24640.1	31.3526	32.1036	32.4791	24638.6	35.1077	31.3526	28	3.12	2021-08-27 16:15::58
2014	4189AB83	974	24639.7	24639.7	31.3526	32.4791	32.4791	24638.6	35.1077	31.3526	28	3.12	2021-08-27 16:15::59
2015	4189AB83	975	24639.7	24639.7	24640.4	32.4791	32.4791	24638.2	34.7322	31.3526	28	3.12	2021-08-27 16:16::00
2016	4189AB83	976	24639.7	24639.7	31.3526	32.1036	32.8546	24638.6	35.4832	31.7281	28	3.12	2021-08-27 16:16::01
2017	4189AB83	977	24639.7	24640.1	31.3526	32.1036	32.8546	24638.6	35.1077	31.3526	28	3.12	2021-08-27 16:16::02
2018	4189AB83	978	24639.7	24639.7	31.3526	32.4791	32.4791	24638.6	35.1077	31.3526	28	3.12	2021-08-27 16:16::03
2019	4189AB83	979	24639.3	24640.1	24640.4	32.1036	32.4791	24638.2	34.7322	31.3526	28	3.12	2021-08-27 16:16::04
2020	4189AB83	980	24639.7	24640.1	24640.1	32.1036	32.8546	24638.6	35.4832	31.3526	28	3.12	2021-08-27 16:16::04
2021	4189AB83	981	24640.1	24640.1	31.3526	32.4791	32.1036	24638.6	35.1077	31.3526	28	3.12	2021-08-27 16:16::05
2022	4189AB83	982	24639.7	24639.7	31.3526	32.4791	32.4791	24638.6	35.4832	31.3526	28	3.12	2021-08-27 16:16::06
2023	4189AB83	983	24556.7	24556.7	-51.6474	-51.6474	-51.6474	-51.6474	-51.6474	-51.6474	28	3.12	2021-08-27 16:16::07
2024	4189AB83	984	24639.7	24639.3	31.3526	32.4791	32.4791	24638.2	35.4832	24640.4	28	3.12	2021-08-27 16:16::08
2025	4189AB83	985	24639.7	24639.7	31.3526	32.4791	32.4791	24638.6	35.4832	24640.4	28	3.12	2021-08-27 16:16::09
2026	4189AB83	986	28.3526	28.3526	28.3526	28.3526	17385.6	20383.7	962.248	8199.47	28	3.12	2021-08-27 16:16::10
2027	4189AB83	987	24640.1	24639.7	31.3526	32.4791	32.1036	24638.2	35.8587	24640.4	-55	1.22	2021-08-27 16:16::11
2028	4189AB83	988	24639.7	24639.7	31.3526	32.1036	32.8546	24638.2	35.4832	31.3526	28	3.12	2021-08-27 16:16::12
2029	4189AB83	989	24639.7	24639.3	31.3526	32.1036	32.4791	24638.2	35.1077	24640.4	28	3.12	2021-08-27 16:16::13
2030	4189AB83	990	24639.7	24639.3	24640.4	32.1036	32.4791	24638.2	35.1077	24640.4	28	3.12	2021-08-27 16:16::13
2031	4189AB83	991	24640.1	24639.7	24640.4	32.1036	32.4791	24638.2	35.4832	24640.4	28	3.12	2021-08-27 16:16::14
2032	4189AB83	992	24640.1	24639.3	31.3526	31.7281	32.4791	24638.2	35.4832	24640.4	28	3.12	2021-08-27 16:16::15
2033	4189AB83	993	24640.1	24639.7	24640.4	32.1036	32.1036	24637.8	35.8587	31.3526	28	3.12	2021-08-27 16:16::16
2034	4189AB83	994	24640.1	24639.3	24640.4	32.1036	32.4791	24637.8	35.4832	31.7281	-55	1.22	2021-08-27 16:16::17
2035	4189AB83	995	24639.7	24639.7	31.3526	32.1036	32.1036	24638.2	35.1077	31.3526	28	3.12	2021-08-27 16:16::18
2036	4189AB83	996	24639.7	24639.7	24640.4	32.1036	32.1036	24637.8	35.8587	31.3526	28	3.12	2021-08-27 16:16::19
2037	4189AB83	997	24639.7	24639.7	24640.4	32.4791	32.4791	24637.8	35.4832	24640.4	28	3.12	2021-08-27 16:16::20
2038	4189AB83	998	24640.1	24639.7	31.3526	32.4791	32.4791	24637.8	35.4832	31.7281	28	3.12	2021-08-27 16:16::21
2039	4189AB83	999	24640.1	24638.9	31.3526	32.4791	32.1036	24637.4	35.4832	31.3526	28	3.12	2021-08-27 16:16::22
2040	4189AB83	1000	24640.1	24639.3	24640.4	32.4791	32.4791	24637.4	35.4832	24640.4	-55	1.22	2021-08-27 16:16::22
2041	4189AB83	1001	24640.1	24639.3	24640.4	32.1036	32.4791	24637.8	35.4832	24640.4	28	3.12	2021-08-27 16:16::23
2042	4189AB83	1002	24640.1	24639.3	24640.4	32.1036	32.4791	24637.8	35.8587	31.3526	28	3.12	2021-08-27 16:16::24
2043	4189AB83	1003	24640.4	24639.3	31.3526	32.1036	32.4791	24637.4	35.4832	24640.4	28	3.12	2021-08-27 16:16::25
2044	4189AB83	1004	24639.7	24639.3	31.3526	32.4791	32.4791	24637.4	35.4832	24640.4	28	3.12	2021-08-27 16:16::26
2045	4189AB83	1005	24640.1	24639.3	31.3526	32.4791	32.4791	24637.4	36.2342	24640.4	28	3.12	2021-08-27 16:16::27
2046	0	768	24556.7	24556.3	24557.4	-50.5209	-50.8964	24554.4	-51.6474	-51.6474	25	1.23	2021-08-27 16:16::28
2047	4189AB83	1008	24640.1	24638.9	31.3526	32.4791	32.4791	24637.4	36.2342	24640.1	28	3.12	2021-08-27 16:16::30
2048	4189AB83	1009	24640.1	24638.9	24640.4	32.4791	32.1036	24637.4	35.8587	24640.4	28	3.12	2021-08-27 16:16::31
2049	4189AB83	1009	24640.1	125.606	24640.4	32.1036	32.1036	24637.4	35.8587	24640.4	28	3.12	2021-08-27 16:16::31
2050	4189AB83	1010	24640.1	24638.9	24640.4	32.1036	32.4791	24637.8	35.8587	31.3526	28	3.12	2021-08-27 16:16::31
2051	4189AB83	1011	24640.1	24638.9	31.3526	32.1036	32.4791	24637.8	36.2342	24640.4	28	3.12	2021-08-27 16:16::32
2052	4189AB83	1013	24640.1	24638.9	24640.1	32.4791	32.4791	24637.4	35.8587	24640.4	28	3.12	2021-08-27 16:16::34
2053	4189AB83	1014	24640.4	24638.9	24640.1	32.4791	32.4791	24637.1	36.2342	24640.4	28	3.12	2021-08-27 16:16::35
2054	0	0	24640.1	24638.6	24640.4	32.1036	32.4791	24637.4	35.8587	24640.4	25	1.23	2021-08-27 16:16::36
2055	4189AB83	1016	24640.1	24638.9	31.3526	31.7281	32.4791	24637.4	35.8587	31.3526	-55	1.22	2021-08-27 16:16::37
2056	4189AB83	1017	24640.4	24638.9	31.3526	32.1036	32.4791	24637.1	36.2342	24640.4	28	3.12	2021-08-27 16:16::38
2057	4189AB83	1019	24640.1	24638.6	31.3526	32.1036	32.4791	24637.1	36.2342	24640.4	28	3.12	2021-08-27 16:16::40
2058	4189AB83	1020	24640.4	24638.6	24640.4	32.4791	32.4791	24637.1	35.8587	24640.4	28	3.12	2021-08-27 16:16::40
2059	4189AB83	1021	24640.1	24638.9	24640.4	32.8546	32.4791	24637.1	36.2342	24640.4	-55	1.22	2021-08-27 16:16::41
2060	4189AB83	1022	24640.1	24638.6	24640.4	32.4791	32.4791	24637.4	36.2342	24640.4	28	3.12	2021-08-27 16:16::42
2061	4189AB83	1023	24640.4	24638.6	24640.4	32.8546	32.4791	24637.1	36.2342	24640.4	28	3.12	2021-08-27 16:16::43
2062	4189AB83	1024	24640.1	24638.9	24640.4	32.1036	32.4791	24637.1	36.2342	24640.4	28	3.12	2021-08-27 16:16::44
2063	4189AB83	1025	24557.1	24461.7	-51.6474	-51.6474	-51.6474	-51.6474	-51.6474	-51.6474	28	3.12	2021-08-27 16:16::45
2064	4189AB83	1026	24640.4	24638.9	24640.4	32.4791	32.4791	24637.1	36.2342	24640.1	28	3.12	2021-08-27 16:16::46
2065	4189AB83	1028	24640.4	24638.6	24640.4	32.1036	32.4791	24636.7	36.2342	24640.4	135	3.2	2021-08-27 16:16::48
2066	4189AB83	1029	24640.4	24638.6	24640.1	32.4791	32.4791	24637.1	36.2342	24640.4	28	3.12	2021-08-27 16:16::49
2067	4189AB83	1030	24640.4	24638.9	24640.4	32.8546	32.4791	24637.1	36.2342	24640.1	28	3.12	2021-08-27 16:16::49
2068	4189AB83	1031	24640.4	24638.6	24640.4	32.4791	32.4791	24637.1	36.2342	24640.1	28	3.12	2021-08-27 16:16::50
2069	4189AB83	1032	24640.4	24638.9	24640.4	32.4791	32.4791	24637.4	36.2342	24640.4	28	3.12	2021-08-27 16:16::51
2070	4189AB83	1033	24640.4	24638.9	24640.1	32.1036	32.4791	24637.4	36.6097	24640.4	28	3.12	2021-08-27 16:16::52
2071	4189AB83	1034	31.3526	24638.6	24640.1	32.4791	32.4791	24636.7	36.2342	24640.4	-55	1.22	2021-08-27 16:16::53
2072	4189AB83	1035	24640.4	24638.6	24640.1	32.1036	32.4791	24637.4	36.6097	24640.4	28	3.12	2021-08-27 16:16::54
2073	4189AB83	1036	31.3526	24638.9	24640.1	32.4791	32.4791	24637.4	36.2342	24640.1	28	3.12	2021-08-27 16:16::55
2074	4189AB83	1037	24640.4	24638.6	24640.1	32.1036	32.4791	24637.1	36.2342	24640.1	28	3.12	2021-08-27 16:16::56
2075	4189AB83	1037	24640.4	24638.6	24640.4	32.1036	32.4791	24636.7	36.2342	24640.4	28	3.12	2021-08-27 16:16::56
2076	4189AB83	1038	24640.4	24638.6	24640.1	31.7281	32.4791	24636.7	36.6097	24640.1	28	3.12	2021-08-27 16:16::57
2077	4189AB83	1039	24557.4	24555.6	24557.4	-51.2719	-50.5209	24553.7	-46.7658	24461.7	-55	1.22	2021-08-27 16:16::58
2078	4189AB83	1040	31.3526	24638.2	24640.4	32.4791	32.4791	24636.7	36.2342	24640.1	28	3.12	2021-08-27 16:16::58
2079	4189AB83	1041	-51.6474	24555.6	24461.7	-51.6474	-51.6474	-51.6474	-51.6474	-51.6474	28	3.12	2021-08-27 16:16::59
2080	4189AB83	1042	24640.4	24638.9	24640.4	32.1036	32.1036	24636.7	36.6097	24639.7	28	3.12	2021-08-27 16:17::00
2081	4189AB83	1043	24640.1	24638.6	24640.4	32.4791	32.4791	24637.1	36.6097	24640.1	28	3.12	2021-08-27 16:17::01
2082	4189AB83	1044	24747.4	24745.6	24747.1	139.479	139.855	24743.3	143.61	169.52	28	3.12	2021-08-27 16:17::02
2083	4189AB83	1045	31.3526	24638.2	24640.1	32.1036	32.1036	24636.7	36.2342	24639.7	28	3.12	2021-08-27 16:17::03
2084	4189AB83	1046	24640.4	24638.2	24640.1	32.1036	32.1036	24637.4	36.9852	24639.7	28	3.12	2021-08-27 16:17::04
2085	4189AB83	1047	-51.6474	24555.2	24461.7	-51.6474	-51.6474	-51.6474	-51.6474	-51.6474	28	3.12	2021-08-27 16:17::05
2086	4189AB83	1048	31.3526	24638.2	24640.4	32.4791	31.7281	24636.7	36.6097	24639.3	28	3.12	2021-08-27 16:17::06
2087	4189AB83	1049	31.3526	24638.6	24640.4	32.1036	32.4791	24636.7	36.6097	24639.7	-55	1.22	2021-08-27 16:17::06
2088	4189AB83	1050	-51.2719	24555.6	24557.4	-51.6474	-51.6474	-51.6474	-51.6474	-51.6474	28	3.12	2021-08-27 16:17::07
2089	4189AB83	1051	31.3526	24638.6	24640.4	32.4791	32.4791	24636.7	36.9852	24639.3	28	3.12	2021-08-27 16:17::08
2090	4189AB83	1052	31.3526	24638.2	24640.4	32.4791	32.1036	24636.7	36.9852	24639.7	28	3.12	2021-08-27 16:17::09
2091	4189AB83	1053	31.3526	24638.2	24640.4	32.4791	31.7281	24636.7	37.3607	24640.1	28	3.12	2021-08-27 16:17::10
2092	4189AB83	1054	31.7281	24638.2	24640.1	32.1036	32.1036	24636.7	36.6097	24639.7	28	3.12	2021-08-27 16:17::11
2093	89AB83	1055	-51.6474	24555.2	24557.1	-50.5209	-51.6474	-51.6474	-51.6474	-51.6474	-55	1.22	2021-08-27 16:17::12
2094	4189AB83	1056	31.7281	24638.6	24640.4	32.4791	32.1036	24636.7	36.9852	24640.1	28	3.12	2021-08-27 16:17::13
2095	4189AB83	1057	31.3526	24638.2	24640.1	32.1036	32.1036	24636.3	36.9852	24639.3	28	3.12	2021-08-27 16:17::14
2096	4189AB83	1058	-51.6474	-51.6474	-51.6474	-51.6474	-51.6474	-51.6474	-51.6474	-51.6474	28	3.12	2021-08-27 16:17::15
2097	4189AB83	1059	31.3526	24638.2	24640.1	32.4791	32.4791	24636.7	37.3607	24639.7	28	3.12	2021-08-27 16:17::15
2098	4189AB83	1060	31.7281	24638.2	24640.1	32.1036	32.4791	24636.3	37.3607	24639.7	28	3.12	2021-08-27 16:17::16
2099	4189AB83	1061	31.3526	24638.2	24640.1	32.1036	32.4791	24636.3	36.9852	24639.7	28	3.12	2021-08-27 16:17::17
2100	4189AB83	1062	24640.1	24638.9	24640.4	32.1036	32.4791	24637.8	35.8587	31.3526	28	3.12	2021-08-27 16:17::18
0.02
2101	4189AB83	1063	24640.1	24638.9	31.3526	32.1036	32.4791	24637.8	36.2342	24640.4	28	3.12	2021-08-27 16:17::19
2102	4189AB83	1064	24640.1	24638.9	24640.1	32.4791	32.4791	24637.4	35.8587	24640.4	-55	1.22	2021-08-27 16:17::20
2103	4189AB83	1065	24640.4	24638.9	24640.1	32.4791	32.4791	24637.1	36.2342	24640.4	28	3.12	2021-08-27 16:17::21
2104	4189AB83	1067	24640.1	24638.6	24640.4	32.1036	32.4791	24637.4	35.8587	24640.4	28	3.12	2021-08-27 16:17::23
2105	4189AB83	1068	24640.1	24638.9	31.3526	31.7281	32.4791	24637.4	35.8587	31.3526	28	3.12	2021-08-27 16:17::24
2106	0	1024	24640.4	24638.9	31.3526	32.1036	32.4791	24637.1	36.2342	24640.4	25	1.23	2021-08-27 16:17::24
2107	4189AB83	1070	24640.1	24638.6	31.3526	32.1036	32.4791	24637.1	36.2342	24640.4	-55	1.22	2021-08-27 16:17::25
2108	4189AB83	1071	24640.4	24638.6	24640.4	32.4791	32.4791	24637.1	35.8587	24640.4	28	3.12	2021-08-27 16:17::26
2109	4189AB83	1072	24640.1	24638.9	24640.4	32.8546	32.4791	24637.1	36.2342	24640.4	28	3.12	2021-08-27 16:17::27
2110	4189AB83	1073	24640.1	24638.6	24640.4	32.4791	32.4791	24637.4	36.2342	24640.4	28	3.12	2021-08-27 16:17::28
2111	4189AB83	1074	24640.4	24638.6	24640.4	32.8546	32.4791	24637.1	36.2342	24640.4	28	3.12	2021-08-27 16:17::29
2112	4189AB83	1076	24640.1	24638.9	24640.4	32.1036	32.4791	24637.1	36.2342	24640.4	28	3.12	2021-08-27 16:17::31
2113	4189AB83	1077	24557.1	24461.7	-51.6474	-51.6474	-51.6474	-51.6474	-51.6474	-51.6474	28	3.12	2021-08-27 16:17::32
2114	4189AB83	1078	24640.4	24638.9	24640.4	32.4791	32.4791	24637.1	36.2342	24640.1	28	3.12	2021-08-27 16:17::33
2115	4189AB83	1079	24640.4	24638.6	24640.4	32.1036	32.4791	24636.7	36.2342	24640.4	28	3.12	2021-08-27 16:17::33
2116	4189AB83	1080	24640.4	24638.6	24640.1	32.4791	32.4791	24637.1	36.2342	24640.4	28	3.12	2021-08-27 16:17::34
2117	4189AB83	1082	24640.4	24638.9	24640.4	32.8546	32.4791	24637.1	36.2342	24640.1	28	3.12	2021-08-27 16:17::36
2118	4189AB83	1083	24640.4	24638.6	24640.4	32.4791	32.4791	24637.1	36.2342	24640.1	28	3.11	2021-08-27 16:17::37
2119	4189AB83	1084	24640.4	24638.9	24640.4	32.4791	32.4791	24637.4	36.2342	24640.4	28	3.11	2021-08-27 16:17::38
2120	4189AB83	1085	24640.4	24638.9	24640.1	32.1036	32.4791	24637.4	36.6097	24640.4	28	3.12	2021-08-27 16:17::39
2121	4189AB83	1086	31.3526	24638.6	24640.1	32.4791	32.4791	24636.7	36.2342	24640.4	28	3.11	2021-08-27 16:17::40
2122	4189AB83	1088	24640.4	24638.6	24640.1	32.1036	32.4791	24637.4	36.6097	24640.4	28	3.12	2021-08-27 16:17::42
2123	4189AB83	1089	31.3526	24638.9	24640.1	32.4791	32.4791	24637.4	36.2342	24640.1	28	3.12	2021-08-27 16:17::42
2124	4189AB83	1090	24640.4	24638.6	24640.1	32.1036	32.4791	24637.1	36.2342	24640.1	28	3.12	2021-08-27 16:17::43
2125	4189AB83	1091	24640.4	24638.6	24640.4	32.1036	32.4791	24636.7	36.2342	24640.4	28	3.12	2021-08-27 16:17::44
2126	4189AB83	1092	24640.4	24638.6	24640.1	31.7281	32.4791	24636.7	36.6097	24640.1	28	3.12	2021-08-27 16:17::45
2127	4189AB83	1093	24557.4	24555.6	24557.4	-51.2719	-50.5209	24553.7	-46.7658	24461.7	28	3.11	2021-08-27 16:17::46
2128	4189AB83	1094	31.3526	24638.2	24640.4	32.4791	32.4791	24636.7	36.2342	24640.1	28	3.11	2021-08-27 16:17::47
2129	4189AB83	1095	-51.6474	24555.6	24461.7	-51.6474	-51.6474	-51.6474	-51.6474	-51.6474	28	3.12	2021-08-27 16:17::48
2130	4189AB83	1096	24640.4	24638.9	24640.4	32.1036	32.1036	24636.7	36.6097	24639.7	28	3.11	2021-08-27 16:17::49
2131	4189AB83	1097	24640.1	24638.6	24640.4	32.4791	32.4791	24637.1	36.6097	24640.1	28	3.11	2021-08-27 16:17::50
2132	4189AB83	1098	24747.4	24745.6	24747.1	139.479	139.855	24743.3	143.61	169.52	28	3.12	2021-08-27 16:17::51
2133	4189AB83	1099	31.3526	24638.2	24640.1	32.1036	32.1036	24636.7	36.2342	24639.7	28	1.22	2021-08-27 16:17::51
2134	4189AB83	1100	24640.4	24638.2	24640.1	32.1036	32.1036	24637.4	36.9852	24639.7	28	3.12	2021-08-27 16:17::52
2135	4189AB83	1101	-51.6474	24555.2	24461.7	-51.6474	-51.6474	-51.6474	-51.6474	-51.6474	28	3.12	2021-08-27 16:17::53
2136	4189AB83	1102	31.3526	24638.2	24640.4	32.4791	31.7281	24636.7	36.6097	24639.3	28	3.11	2021-08-27 16:17::54
2137	4189AB83	1103	31.3526	24638.6	24640.4	32.1036	32.4791	24636.7	36.6097	24639.7	28	3.11	2021-08-27 16:17::55
2138	4189AB83	1104	-51.2719	24555.6	24557.4	-51.6474	-51.6474	-51.6474	-51.6474	-51.6474	28	3.11	2021-08-27 16:17::56
2139	4189AB83	1105	31.3526	24638.6	24640.4	32.4791	32.4791	24636.7	36.9852	24639.3	-55	1.22	2021-08-27 16:17::57
2140	4189AB83	1106	31.3526	24638.2	24640.4	32.4791	32.1036	24636.7	36.9852	24639.7	28	3.11	2021-08-27 16:17::58
2141	4189AB83	1107	31.3526	24638.2	24640.4	32.4791	31.7281	24636.7	37.3607	24640.1	28	3.11	2021-08-27 16:17::59
2142	4189AB83	1108	31.7281	24638.2	24640.1	32.1036	32.1036	24636.7	36.6097	24639.7	28	3.12	2021-08-27 16:18::00
2143	4189AB83	1109	-51.6474	24555.2	24557.1	-50.5209	-51.6474	-51.6474	-51.6474	-51.6474	28	3.11	2021-08-27 16:18::00
2144	4189AB83	1110	31.7281	24638.6	24640.4	32.4791	32.1036	24636.7	36.9852	24640.1	28	3.11	2021-08-27 16:18::01
2145	0	1024	31.3526	24638.2	24640.1	32.1036	32.1036	24636.3	36.9852	24639.3	25	1.23	2021-08-27 16:18::02
2146	4189AB83	1112	-51.6474	-51.6474	-51.6474	-51.6474	-51.6474	-51.6474	-51.6474	-51.6474	-55	1.22	2021-08-27 16:18::03
2147	4189AB83	1113	31.3526	24638.2	24640.1	32.4791	32.4791	24636.7	37.3607	24639.7	28	3.11	2021-08-27 16:18::04
2148	4189AB83	1113	31.7281	24638.2	24640.1	32.1036	32.4791	24636.3	37.3607	24639.7	28	3.11	2021-08-27 16:18::05
2149	4189AB83	1114	31.3526	24638.2	24640.1	32.1036	32.4791	24636.3	36.9852	24639.7	28	3.11	2021-08-27 16:18::05
2150	4189AB83	1115	31.7281	24638.2	24640.1	32.4791	32.1036	24636.7	36.9852	24639.7	28	3.11	2021-08-27 16:18::06
2151	89AB83	1116	31.7281	24638.2	24640.4	32.1036	32.1036	24636.7	36.9852	24639.3	28	3.11	2021-08-27 16:18::07
2152	4189AB83	1117	32.1036	24638.2	24639.7	32.4791	32.8546	24636.3	37.3607	24639.3	28	3.11	2021-08-27 16:18::08
2153	4189AB83	1118	-51.2719	24555.2	24557.1	-50.5209	-50.8964	24553.7	-46.0148	24461.7	28	3.11	2021-08-27 16:18::09
2154	4189AB83	1119	32.1036	24638.2	24640.4	32.1036	32.4791	24636.7	36.9852	24639.7	28	3.11	2021-08-27 16:18::09
2155	4189AB83	1120	31.7281	24637.8	24640.1	32.1036	32.4791	24636.7	37.3607	24639.3	28	3.11	2021-08-27 16:18::10
2156	4189AB83	1121	32.1036	24638.2	24640.1	31.7281	32.1036	24636.3	36.9852	24639.3	28	3.11	2021-08-27 16:18::11
2157	4189AB83	1122	32.1036	24638.6	24640.1	32.1036	31.7281	24635.9	36.9852	24639.3	28	3.11	2021-08-27 16:18::12
2158	4189AB83	1123	31.7281	24638.2	24640.1	32.4791	32.1036	24636.3	36.9852	24639.3	-55	1.22	2021-08-27 16:18::13
2159	4189AB83	1124	31.7281	24637.8	24640.1	32.4791	32.1036	24635.9	37.3607	24639.3	28	3.11	2021-08-27 16:18::14
2160	4189AB83	1125	32.1036	24638.2	24639.7	32.4791	32.1036	24636.3	37.3607	24639.7	28	3.11	2021-08-27 16:18::15
2161	4189AB83	1126	32.1036	24637.8	24639.7	32.4791	32.1036	24635.9	37.3607	24638.9	28	3.11	2021-08-27 16:18::16
2162	4189AB83	1127	32.4791	24638.2	24640.1	31.7281	32.1036	24636.3	36.9852	24639.7	28	3.11	2021-08-27 16:18::17
2163	4189AB83	1128	32.4791	24637.8	24640.1	32.1036	32.1036	24635.9	37.3607	24638.9	28	3.11	2021-08-27 16:18::18
2164	0	1129	32.1036	24637.8	24640.1	32.4791	32.1036	24635.9	37.7362	24638.9	25	1.23	2021-08-27 16:18::18
2165	4189AB83	1130	31.7281	24638.2	24640.1	32.1036	32.4791	24636.3	37.3607	24639.3	-55	1.22	2021-08-27 16:18::19
2166	4189AB83	1131	31.7281	24638.2	24639.7	31.7281	31.7281	24636.3	37.3607	24638.9	28	3.11	2021-08-27 16:18::20
2167	4189AB83	1132	32.1036	24637.4	24640.1	32.1036	32.1036	24635.9	37.3607	24638.9	28	3.11	2021-08-27 16:18::21
2168	4189AB83	1133	32.4791	24638.2	24639.7	32.4791	32.1036	24635.9	37.7362	24639.3	27	3.11	2021-08-27 16:18::22
2169	4189AB83	1134	-50.5209	24554.8	24461.7	-51.6474	-51.6474	-51.6474	-51.6474	-51.6474	28	3.11	2021-08-27 16:18::23
2170	4189AB83	1135	32.1036	24637.8	24639.7	32.1036	32.1036	24635.9	37.3607	24639.3	28	3.11	2021-08-27 16:18::24
2171	4189AB83	1136	32.1036	24637.4	24640.1	32.1036	32.1036	24635.9	37.3607	24638.6	28	3.11	2021-08-27 16:18::25
2172	4189AB83	1137	28.3526	28.3526	28.3526	28.3526	11442.4	20341.2	962.248	8295.6	28	3.11	2021-08-27 16:18::26
2173	4189AB83	1138	32.4791	24637.8	24640.1	32.1036	32.1036	24635.9	37.7362	24638.9	28	3.11	2021-08-27 16:18::26
2174	4189AB83	1139	32.4791	24637.8	24639.7	32.4791	32.1036	24635.9	37.7362	24638.6	28	3.11	2021-08-27 16:18::27
2175	4189AB83	1140	32.4791	24637.8	24640.1	32.1036	32.4791	24635.9	37.7362	24638.9	28	3.11	2021-08-27 16:18::28
2176	4189AB83	1141	32.4791	24637.1	24640.1	31.7281	32.1036	24635.9	37.7362	24638.6	28	3.11	2021-08-27 16:18::29
2177	4189AB83	1141	32.4791	24637.8	24640.1	32.1036	32.4791	24635.9	37.7362	24638.6	28	3.11	2021-08-27 16:18::30
2178	4189AB83	1143	32.1036	24637.8	24639.7	32.1036	32.1036	24635.9	38.1118	24638.2	28	3.11	2021-08-27 16:18::31
2179	4189AB83	1144	32.1036	24637.8	24639.7	32.1036	32.1036	24635.9	37.3607	24638.6	28	3.11	2021-08-27 16:18::32
2180	4189AB83	1145	32.1036	24637.4	24639.7	32.1036	32.4791	24635.9	38.1118	24638.6	28	3.11	2021-08-27 16:18::33
2181	4189AB83	1146	32.4791	24637.8	24639.3	32.1036	32.4791	24635.6	38.4873	24638.6	28	3.11	2021-08-27 16:18::34
2182	4189AB83	1147	-50.8964	24554.8	24556.7	-50.8964	-50.5209	24552.6	-45.2638	24555.6	28	3.11	2021-08-27 16:18::35
2183	4189AB83	1148	32.4791	24637.8	24639.7	32.4791	32.4791	24635.6	38.1118	24638.9	28	3.11	2021-08-27 16:18::35
2184	4189AB83	1149	32.8546	24637.4	24639.7	32.4791	31.7281	24635.6	38.1118	24638.6	28	3.11	2021-08-27 16:18::36
2185	4189AB83	1150	32.4791	24544.7	24640.1	32.1036	32.4791	24635.9	37.7362	24638.9	28	3.11	2021-08-27 16:18::37
2186	4189AB83	1151	32.1036	24637.8	24640.1	32.1036	32.1036	24635.6	37.7362	24638.6	28	3.11	2021-08-27 16:18::38
2187	4189AB83	1153	32.4791	24637.8	24639.7	32.1036	32.4791	24635.9	38.4873	24638.6	-55	1.22	2021-08-27 16:18::40
2188	4189AB83	1154	32.4791	24637.8	24640.1	32.1036	32.4791	24635.9	38.1118	24638.6	28	3.11	2021-08-27 16:18::41
2189	4189AB83	1155	32.4791	24637.8	24639.7	32.1036	32.1036	24635.6	37.7362	24638.2	28	3.11	2021-08-27 16:18::42
2190	4189AB83	1156	32.8546	24637.4	24639.7	32.4791	32.4791	24635.6	38.1118	24638.6	28	3.11	2021-08-27 16:18::43
2191	4189AB83	1157	32.8546	24638.2	24640.1	32.4791	32.8546	24635.2	38.4873	24638.6	28	3.11	2021-08-27 16:18::44
2192	4189AB83	1158	32.8546	24637.8	24639.7	32.4791	32.1036	24635.2	38.1118	24638.6	28	3.11	2021-08-27 16:18::44
2193	4189AB83	1159	-50.1454	24554.4	24556.7	-50.5209	-50.5209	24552.6	-44.5127	24461.7	-55	1.22	2021-08-27 16:18::45
2194	4189AB83	1159	32.4791	24637.8	24640.1	32.4791	32.1036	24635.6	38.4873	24638.2	-55	1.22	2021-08-27 16:18::46
2195	4189AB83	1160	32.8546	24637.4	24639.3	32.4791	32.4791	24635.6	38.1118	24638.6	28	3.11	2021-08-27 16:18::46
2196	4189AB83	1161	-50.1454	24554.4	24557.1	-51.6474	-51.6474	-51.6474	-51.6474	-51.6474	28	3.11	2021-08-27 16:18::47
2197	4189AB83	1162	32.8546	24637.4	24639.7	32.1036	32.4791	24635.2	38.1118	24638.6	28	3.11	2021-08-27 16:18::48
2198	4189AB83	1163	32.8546	24637.4	24640.1	32.1036	32.4791	24635.2	38.1118	24638.6	28	3.11	2021-08-27 16:18::49
2199	4189AB83	1164	-50.1454	24554.4	24556.7	-50.5209	-50.8964	24461.7	-51.6474	-51.6474	-55	1.22	2021-08-27 16:18::50
2200	4189AB83	1165	31.7281	24638.2	24640.1	32.4791	32.1036	24636.7	36.9852	24639.7	28	3.11	2021-08-27 16:18::51
0.03
2201	4189AB83	1166	31.7281	24638.2	24640.4	32.1036	32.1036	24636.7	36.9852	24639.3	28	3.11	2021-08-27 16:18::52
2202	4189AB83	1167	32.1036	24638.2	24639.7	32.4791	32.8546	24636.3	37.3607	24639.3	28	3.11	2021-08-27 16:18::53
2203	4189AB83	1168	-51.2719	24555.2	24557.1	-50.5209	-50.8964	24553.7	-46.0148	24461.7	28	3.11	2021-08-27 16:18::53
2204	4189AB83	1169	32.1036	24638.2	24640.4	32.1036	32.4791	24636.7	36.9852	24639.7	28	3.11	2021-08-27 16:18::54
2205	4189AB83	1170	31.7281	24637.8	24640.1	32.1036	32.4791	24636.7	37.3607	24639.3	-55	1.22	2021-08-27 16:18::55
2206	4189AB83	1171	32.1036	24638.2	24640.1	31.7281	32.1036	24636.3	36.9852	24639.3	28	3.11	2021-08-27 16:18::56
2207	4189AB83	1172	32.1036	24638.6	24640.1	32.1036	31.7281	24635.9	36.9852	24639.3	28	3.1	2021-08-27 16:18::57
2208	4189AB83	1173	31.7281	24638.2	24640.1	32.4791	32.1036	24636.3	36.9852	24639.3	28	3.11	2021-08-27 16:18::58
2209	4189AB83	1174	31.7281	24637.8	24640.1	32.4791	32.1036	24635.9	37.3607	24639.3	28	3.1	2021-08-27 16:18::59
2210	4189AB83	1175	32.1036	24638.2	24639.7	32.4791	32.1036	24636.3	37.3607	24639.7	28	3.11	2021-08-27 16:19::00
2211	4189AB83	1176	32.1036	24637.8	24639.7	32.4791	32.1036	24635.9	37.3607	24638.9	28	3.11	2021-08-27 16:19::01
2212	4189AB83	1177	32.4791	24638.2	24640.1	31.7281	32.1036	24636.3	36.9852	24639.7	28	3.11	2021-08-27 16:19::02
2213	4189AB83	1178	32.4791	24637.8	24640.1	32.1036	32.1036	24635.9	37.3607	24638.9	28	3.1	2021-08-27 16:19::02
2214	4189AB83	1179	32.1036	24637.8	24640.1	32.4791	32.1036	24635.9	37.7362	24638.9	28	3.11	2021-08-27 16:19::03
2215	4189AB83	1180	31.7281	24638.2	24640.1	32.1036	32.4791	24636.3	37.3607	24639.3	28	3.11	2021-08-27 16:19::04
2216	4189AB83	1181	31.7281	24638.2	24639.7	31.7281	31.7281	24636.3	37.3607	24638.9	28	3.1	2021-08-27 16:19::05
2217	4189AB83	1182	32.1036	24637.4	24640.1	32.1036	32.1036	24635.9	37.3607	24638.9	28	3.11	2021-08-27 16:19::06
2218	4189AB83	1183	32.4791	24638.2	24639.7	32.4791	32.1036	24635.9	37.7362	24639.3	27	3.11	2021-08-27 16:19::07
2219	4189AB83	1184	-50.5209	24554.8	24461.7	-51.6474	-51.6474	-51.6474	-51.6474	-51.6474	28	3.11	2021-08-27 16:19::08
2220	4189AB83	1185	32.1036	24637.8	24639.7	32.1036	32.1036	24635.9	37.3607	24639.3	28	3.11	2021-08-27 16:19::09
2221	4189AB83	1186	32.1036	24637.4	24640.1	32.1036	32.1036	24635.9	37.3607	24638.6	28	3.1	2021-08-27 16:19::10
2222	4189AB83	1187	28.3526	28.3526	28.3526	28.3526	11442.4	20341.2	962.248	8295.6	28	3.11	2021-08-27 16:19::11
2223	4189AB83	1188	32.4791	24637.8	24640.1	32.1036	32.1036	24635.9	37.7362	24638.9	28	3.1	2021-08-27 16:19::11
2224	4189AB83	1189	32.4791	24637.8	24639.7	32.4791	32.1036	24635.9	37.7362	24638.6	-55	1.22	2021-08-27 16:19::12
2225	4189AB83	1190	32.4791	24637.8	24640.1	32.1036	32.4791	24635.9	37.7362	24638.9	28	3.1	2021-08-27 16:19::13
2226	4189AB83	1192	32.4791	24637.1	24640.1	31.7281	32.1036	24635.9	37.7362	24638.6	28	3.11	2021-08-27 16:19::15
2227	4189AB83	1193	32.4791	24637.8	24640.1	32.1036	32.4791	24635.9	37.7362	24638.6	28	3.1	2021-08-27 16:19::16
2228	4189AB83	1194	32.1036	24637.8	24639.7	32.1036	32.1036	24635.9	38.1118	24638.2	-55	1.22	2021-08-27 16:19::17
2229	4189AB83	1195	32.1036	24637.8	24639.7	32.1036	32.1036	24635.9	37.3607	24638.6	28	3.11	2021-08-27 16:19::18
2230	4189AB83	1196	32.1036	24637.4	24639.7	32.1036	32.4791	24635.9	38.1118	24638.6	28	3.11	2021-08-27 16:19::19
2231	4189AB83	1197	32.4791	24637.8	24639.3	32.1036	32.4791	24635.6	38.4873	24638.6	28	3.11	2021-08-27 16:19::20
2232	4189AB83	1198	-50.8964	24554.8	24556.7	-50.8964	-50.5209	24552.6	-45.2638	24555.6	28	3.11	2021-08-27 16:19::20
2233	4189AB83	1199	32.4791	24637.8	24639.7	32.4791	32.4791	24635.6	38.1118	24638.9	28	3.1	2021-08-27 16:19::21
2234	4189AB83	1201	32.8546	24637.4	24639.7	32.4791	31.7281	24635.6	38.1118	24638.6	-55	1.22	2021-08-27 16:19::23
2235	4189AB83	1202	32.4791	24544.7	24640.1	32.1036	32.4791	24635.9	37.7362	24638.9	28	3.1	2021-08-27 16:19::24
2236	4189AB83	1203	32.1036	24637.8	24640.1	32.1036	32.1036	24635.6	37.7362	24638.6	27	3.11	2021-08-27 16:19::25
2237	4189AB83	1204	32.4791	24637.8	24639.7	32.1036	32.4791	24635.9	38.4873	24638.6	28	3.1	2021-08-27 16:19::26
2238	4189AB83	1205	32.4791	24637.8	24640.1	32.1036	32.4791	24635.9	38.1118	24638.6	28	3.1	2021-08-27 16:19::27
2239	4189AB83	1206	32.4791	24637.8	24639.7	32.1036	32.1036	24635.6	37.7362	24638.2	28	3.1	2021-08-27 16:19::28
2240	4189AB83	1207	32.8546	24637.4	24639.7	32.4791	32.4791	24635.6	38.1118	24638.6	-55	1.22	2021-08-27 16:19::29
2241	4189AB83	1209	32.8546	24638.2	24640.1	32.4791	32.8546	24635.2	38.4873	24638.6	28	3.1	2021-08-27 16:19::30
2242	4189AB83	1210	32.8546	24637.8	24639.7	32.4791	32.1036	24635.2	38.1118	24638.6	28	3.1	2021-08-27 16:19::31
2243	4189AB83	1211	-50.1454	24554.4	24556.7	-50.5209	-50.5209	24552.6	-44.5127	24461.7	28	3.1	2021-08-27 16:19::32
2244	4189AB83	1213	32.4791	24637.8	24640.1	32.4791	32.1036	24635.6	38.4873	24638.2	28	3.1	2021-08-27 16:19::34
2245	4189AB83	1214	32.8546	24637.4	24639.3	32.4791	32.4791	24635.6	38.1118	24638.6	28	3.1	2021-08-27 16:19::35
2246	4189AB83	1215	-50.1454	24554.4	24557.1	-51.6474	-51.6474	-51.6474	-51.6474	-51.6474	28	3.1	2021-08-27 16:19::36
2247	4189AB83	1216	32.8546	24637.4	24639.7	32.1036	32.4791	24635.2	38.1118	24638.6	28	3.1	2021-08-27 16:19::37
2248	4189AB83	1217	32.8546	24637.4	24640.1	32.1036	32.4791	24635.2	38.1118	24638.6	28	3.1	2021-08-27 16:19::37
2249	4189AB83	1218	-50.1454	24554.4	24556.7	-50.5209	-50.8964	24461.7	-51.6474	-51.6474	28	3.1	2021-08-27 16:19::38
2250	4189AB83	1219	33.2301	24637.4	24640.1	32.4791	32.1036	24635.2	38.4873	24638.2	28	3.1	2021-08-27 16:19::39
2251	4189AB83	1220	33.2301	24637.1	24639.7	32.4791	31.7281	24635.2	38.1118	24638.6	28	3.1	2021-08-27 16:19::40
2252	4189AB83	1221	-51.6474	-51.6474	-51.6474	-51.6474	-51.6474	-51.6474	-51.6474	-51.6474	28	3.1	2021-08-27 16:19::41
2253	4189AB83	1222	33.2301	24637.1	24639.7	32.4791	32.1036	24635.2	38.4873	24638.2	28	3.1	2021-08-27 16:19::42
2254	4189AB83	1223	32.8546	24637.4	24639.7	32.4791	32.4791	24634.8	38.4873	24638.2	28	3.1	2021-08-27 16:19::43
2255	4189AB83	1224	33.2301	24637.1	24639.7	32.8546	32.4791	24634.8	38.4873	24638.6	28	3.11	2021-08-27 16:19::44
2256	4189AB83	1225	33.6056	24637.4	24639.3	32.4791	32.1036	24635.2	38.4873	24638.2	28	3.1	2021-08-27 16:19::45
2257	4189AB83	1226	33.2301	24637.4	24639.7	32.4791	32.1036	24634.8	38.4873	24638.2	28	3.1	2021-08-27 16:19::46
2258	4189AB83	1227	33.2301	24637.1	24639.7	32.4791	32.1036	24635.2	38.1118	24638.6	-55	1.22	2021-08-27 16:19::46
2259	4189AB83	1228	33.2301	24637.1	24639.3	32.4791	32.1036	24634.4	38.4873	24638.2	28	3.1	2021-08-27 16:19::47
2260	4189AB83	1229	32.8546	24637.1	24639.7	32.4791	32.4791	24634.8	38.4873	24638.6	28	3.1	2021-08-27 16:19::48
2261	4189AB83	1230	33.2301	24637.4	24639.7	32.4791	32.1036	24634.8	38.4873	24638.2	28	3.1	2021-08-27 16:19::49
2262	4189AB83	1231	33.2301	24637.1	24640.1	32.4791	32.4791	24634.8	38.1118	24638.2	28	3.1	2021-08-27 16:19::50
2263	4189AB83	1232	33.6056	24637.1	24639.7	32.4791	32.1036	24634.4	38.4873	24638.2	28	3.1	2021-08-27 16:19::51
2264	4189AB83	1233	33.6056	24637.1	24639.7	32.4791	32.4791	24634.8	38.4873	24638.2	28	3.1	2021-08-27 16:19::52
2265	4189AB83	1234	33.9811	24636.7	24639.7	32.4791	32.1036	24634.4	38.4873	24638.2	-55	1.22	2021-08-27 16:19::53
2266	4189AB83	1235	33.6056	24637.1	24639.7	32.4791	32.4791	24634.4	38.4873	24638.2	28	3.1	2021-08-27 16:19::54
2267	4189AB83	1236	33.9811	24637.4	24639.3	32.8546	32.4791	24634.4	38.4873	24637.8	28	3.11	2021-08-27 16:19::55
2268	4189AB83	1237	33.9811	24636.7	24639.3	32.1036	32.1036	24634.4	38.8628	24637.4	28	3.1	2021-08-27 16:19::55
2269	4189AB83	1238	34.3566	24637.1	24639.7	32.4791	32.4791	24634.8	38.4873	24637.8	28	3.1	2021-08-27 16:19::56
2270	4189AB83	1239	34.3566	24637.1	24639.7	32.8546	32.4791	24634.4	38.4873	24638.2	28	3.1	2021-08-27 16:19::57
2271	83	1240	34.7322	24636.7	24639.7	32.4791	32.1036	24634.4	38.8628	24637.8	25	1.23	2021-08-27 16:19::58
2272	4189AB83	1241	34.3566	24637.1	24639.7	32.4791	32.4791	24634.4	38.8628	24638.2	28	1.22	2021-08-27 16:19::59
2273	4189AB83	1242	35.1077	24637.4	24639.7	32.8546	32.1036	24634.1	38.4873	24637.8	28	3.1	2021-08-27 16:20::00
2274	4189AB83	1243	35.1077	24636.7	24639.7	32.4791	32.4791	24634.1	38.8628	24637.8	28	3.1	2021-08-27 16:20::01
2275	4189AB83	1244	35.1077	24636.7	24639.7	32.1036	32.4791	24634.4	39.2383	24637.4	28	3.1	2021-08-27 16:20::02
2276	4189AB83	1246	34.7322	24637.1	24639.7	32.1036	32.1036	24634.4	38.8628	24637.8	-55	1.22	2021-08-27 16:20::04
2277	4189AB83	1247	35.1077	24637.1	24640.1	32.4791	31.7281	24634.1	38.8628	24637.8	28	3.1	2021-08-27 16:20::04
2278	4189AB83	1248	34.7322	24637.1	24639.7	32.1036	32.4791	24634.1	38.8628	24637.8	28	3.1	2021-08-27 16:20::05
2279	4189AB83	1249	35.4832	24637.1	24639.3	32.8546	32.4791	24633.7	38.8628	24637.4	28	3.1	2021-08-27 16:20::06
2280	4189AB83	1250	35.1077	24636.7	24639.7	32.4791	32.1036	24633.7	39.2383	24637.4	28	3.1	2021-08-27 16:20::07
2281	4189AB83	1251	35.8587	24636.7	24639.7	32.4791	32.4791	24634.1	38.8628	24637.8	28	3.1	2021-08-27 16:20::08
2282	4189AB83	1252	-47.5168	24554.1	24556.3	-50.8964	-50.5209	24461.7	-51.6474	-51.6474	28	3.1	2021-08-27 16:20::09
2283	4189AB83	1253	35.8587	24637.1	24639.3	32.4791	32.1036	24634.1	39.2383	24637.4	-55	1.22	2021-08-27 16:20::10
2284	4189AB83	1254	35.8587	24637.1	24639.7	32.4791	32.8546	24634.1	38.8628	24637.4	28	3.1	2021-08-27 16:20::11
2285	4189AB83	1255	28.3526	28.3526	28.3526	28.3526	13150.6	20364.9	962.248	8295.6	28	3.1	2021-08-27 16:20::12
2286	4189AB83	1256	35.8587	24636.7	24639.7	32.4791	32.4791	24633.7	39.2383	24637.8	28	3.1	2021-08-27 16:20::13
2287	4189AB83	1257	36.2342	24636.7	24639.7	32.1036	32.4791	24633.7	39.2383	24637.4	28	3.1	2021-08-27 16:20::13
2288	4189AB83	1258	36.6097	24636.7	24639.3	32.4791	32.4791	24633.7	39.2383	24637.4	28	3.1	2021-08-27 16:20::14
2289	0	0	36.2342	24636.7	24639.7	32.4791	32.4791	24633.7	39.2383	24637.4	25	1.23	2021-08-27 16:20::15
2290	4189AB83	1260	36.2342	24636.7	24639.3	32.1036	32.4791	24633.7	39.2383	24637.4	28	3.1	2021-08-27 16:20::16
2291	4189AB83	1261	-46.3903	24554.1	24556.7	-50.5209	-51.6474	-51.6474	-51.6474	-51.6474	28	3.1	2021-08-27 16:20::17
2292	4189AB83	1262	36.6097	24636.3	24640.1	32.4791	32.4791	24633.7	39.2383	24637.4	28	3.1	2021-08-27 16:20::18
2293	4189AB83	1263	36.6097	24636.3	24639.7	32.4791	32.4791	24633.7	39.2383	24637.4	28	3.1	2021-08-27 16:20::19
2294	4189AB83	1263	28.3526	28.3526	28.3526	28.3526	2768.45	20321.3	962.248	8295.6	28	3.1	2021-08-27 16:20::19
2295	4189AB83	1264	36.6097	24636.3	24639.7	32.4791	32.4791	24634.1	39.2383	24637.4	28	3.1	2021-08-27 16:20::20
2296	4189AB83	1265	36.6097	24636.3	24640.1	32.4791	32.4791	24634.1	39.2383	24637.8	28	3.1	2021-08-27 16:20::21
2297	4189AB83	1266	36.6097	24636.7	24640.1	32.4791	32.4791	24633.3	39.6138	24637.1	28	3.1	2021-08-27 16:20::22
2298	4189AB83	1267	36.2342	24636.7	24639.7	32.4791	32.1036	24633.3	39.2383	24637.8	27	3.1	2021-08-27 16:20::22
2299	4189AB83	1268	36.9852	24636.7	24639.7	32.1036	32.4791	24633.3	39.6138	24637.1	28	3.1	2021-08-27 16:20::23
2300	4189AB83	1269	33.2301	24637.4	24640.1	32.4791	32.1036	24635.2	38.4873	24638.2	28	3.1	2021-08-27 16:20::24
0.04
2301	4189AB83	1270	33.2301	24637.1	24639.7	32.4791	31.7281	24635.2	38.1118	24638.6	28	3.1	2021-08-27 16:20::25
2302	AB83	1271	-51.6474	-51.6474	-51.6474	-51.6474	-51.6474	-51.6474	-51.6474	-51.6474	25	1.23	2021-08-27 16:20::26
2303	4189AB83	1272	33.2301	24637.1	24639.7	32.4791	32.1036	24635.2	38.4873	24638.2	28	3.1	2021-08-27 16:20::27
2304	4189AB83	1273	32.8546	24637.4	24639.7	32.4791	32.4791	24634.8	38.4873	24638.2	27	3.1	2021-08-27 16:20::28
2305	4189AB83	1274	33.2301	24637.1	24639.7	32.8546	32.4791	24634.8	38.4873	24638.6	28	3.1	2021-08-27 16:20::29
2306	4189AB83	1275	33.6056	24637.4	24639.3	32.4791	32.1036	24635.2	38.4873	24638.2	28	3.1	2021-08-27 16:20::30
2307	4189AB83	1276	33.2301	24637.4	24639.7	32.4791	32.1036	24634.8	38.4873	24638.2	28	3.1	2021-08-27 16:20::31
2308	4189AB83	1277	33.2301	24637.1	24639.7	32.4791	32.1036	24635.2	38.1118	24638.6	28	3.1	2021-08-27 16:20::31
2309	4189AB83	1278	33.2301	24637.1	24639.3	32.4791	32.1036	24634.4	38.4873	24638.2	28	3.1	2021-08-27 16:20::32
2310	4189AB83	1279	32.8546	24637.1	24639.7	32.4791	32.4791	24634.8	38.4873	24638.6	28	3.1	2021-08-27 16:20::33
2311	4189AB83	1280	33.2301	24637.4	24639.7	32.4791	32.1036	24634.8	38.4873	24638.2	28	3.1	2021-08-27 16:20::34
2312	4189AB83	1281	33.2301	24637.1	24640.1	32.4791	32.4791	24634.8	38.1118	24638.2	28	3.1	2021-08-27 16:20::35
2313	4189AB83	1282	33.6056	24637.1	24639.7	32.4791	32.1036	24634.4	38.4873	24638.2	28	3.1	2021-08-27 16:20::36
2314	4189AB83	1283	33.6056	24637.1	24639.7	32.4791	32.4791	24634.8	38.4873	24638.2	28	3.1	2021-08-27 16:20::37
2315	4189AB83	1285	33.9811	24636.7	24639.7	32.4791	32.1036	24634.4	38.4873	24638.2	28	3.1	2021-08-27 16:20::39
2316	4189AB83	1286	33.6056	24637.1	24639.7	32.4791	32.4791	24634.4	38.4873	24638.2	28	3.1	2021-08-27 16:20::40
2317	4189AB83	1287	33.9811	24637.4	24639.3	32.8546	32.4791	24634.4	38.4873	24637.8	28	3.09	2021-08-27 16:20::40
2318	4189AB83	1288	33.9811	24636.7	24639.3	32.1036	32.1036	24634.4	38.8628	24637.4	28	3.09	2021-08-27 16:20::41
2319	4189AB83	1289	34.3566	24637.1	24639.7	32.4791	32.4791	24634.8	38.4873	24637.8	27	3.1	2021-08-27 16:20::42
2320	4189AB83	1291	34.3566	24637.1	24639.7	32.8546	32.4791	24634.4	38.4873	24638.2	28	3.1	2021-08-27 16:20::44
2321	4189AB83	1292	34.7322	24636.7	24639.7	32.4791	32.1036	24634.4	38.8628	24637.8	28	3.1	2021-08-27 16:20::45
2322	4189AB83	1293	34.3566	24637.1	24639.7	32.4791	32.4791	24634.4	38.8628	24638.2	28	3.1	2021-08-27 16:20::46
2323	4189AB83	1294	35.1077	24637.4	24639.7	32.8546	32.1036	24634.1	38.4873	24637.8	28	3.1	2021-08-27 16:20::47
2324	4189AB83	1296	35.1077	24636.7	24639.7	32.4791	32.4791	24634.1	38.8628	24637.8	28	3.1	2021-08-27 16:20::49
2325	4189AB83	1297	35.1077	24636.7	24639.7	32.1036	32.4791	24634.4	39.2383	24637.4	28	3.1	2021-08-27 16:20::49
2326	4189AB83	1298	34.7322	24637.1	24639.7	32.1036	32.1036	24634.4	38.8628	24637.8	28	3.1	2021-08-27 16:20::50
2327	4189AB83	1300	35.1077	24637.1	24640.1	32.4791	31.7281	24634.1	38.8628	24637.8	28	3.1	2021-08-27 16:20::52
2328	4189AB83	1301	34.7322	24637.1	24639.7	32.1036	32.4791	24634.1	38.8628	24637.8	-55	1.22	2021-08-27 16:20::53
2329	4189AB83	1302	35.4832	24637.1	24639.3	32.8546	32.4791	24633.7	38.8628	24637.4	28	3.09	2021-08-27 16:20::54
2330	4189AB83	1303	35.1077	24636.7	24639.7	32.4791	32.1036	24633.7	39.2383	24637.4	28	3.09	2021-08-27 16:20::55
2331	4189AB83	1304	35.8587	24636.7	24639.7	32.4791	32.4791	24634.1	38.8628	24637.8	28	3.09	2021-08-27 16:20::56
2332	4189AB83	1305	-47.5168	24554.1	24556.3	-50.8964	-50.5209	24461.7	-51.6474	-51.6474	28	3.09	2021-08-27 16:20::57
2333	4189AB83	1306	35.8587	24637.1	24639.3	32.4791	32.1036	24634.1	39.2383	24637.4	28	3.09	2021-08-27 16:20::57
2334	4189AB83	1307	35.8587	24637.1	24639.7	32.4791	32.8546	24634.1	38.8628	24637.4	28	3.1	2021-08-27 16:20::58
2335	4189AB83	1308	28.3526	28.3526	28.3526	28.3526	13150.6	20364.9	962.248	8295.6	28	3.1	2021-08-27 16:20::59
2336	4189AB83	1309	35.8587	24636.7	24639.7	32.4791	32.4791	24633.7	39.2383	24637.8	28	3.09	2021-08-27 16:21::00
2337	4189AB83	1310	36.2342	24636.7	24639.7	32.1036	32.4791	24633.7	39.2383	24637.4	28	3.1	2021-08-27 16:21::01
2338	4189AB83	1311	36.6097	24636.7	24639.3	32.4791	32.4791	24633.7	39.2383	24637.4	28	3.09	2021-08-27 16:21::02
2339	4189AB83	1312	36.2342	24636.7	24639.7	32.4791	32.4791	24633.7	39.2383	24637.4	28	3.1	2021-08-27 16:21::03
2340	4189AB83	1313	36.2342	24636.7	24639.3	32.1036	32.4791	24633.7	39.2383	24637.4	28	3.09	2021-08-27 16:21::04
2341	4189AB83	1314	-46.3903	24554.1	24556.7	-50.5209	-51.6474	-51.6474	-51.6474	-51.6474	-55	3.09	2021-08-27 16:21::05
2342	4189AB83	1314	36.6097	24636.3	24640.1	32.4791	32.4791	24633.7	39.2383	24637.4	28	3.1	2021-08-27 16:21::05
2343	4189AB83	1315	36.6097	24636.3	24639.7	32.4791	32.4791	24633.7	39.2383	24637.4	28	3.09	2021-08-27 16:21::06
2344	4189AB83	1316	28.3526	28.3526	28.3526	28.3526	2768.45	20321.3	962.248	8295.6	28	3.09	2021-08-27 16:21::06
2345	4189AB83	1317	36.6097	24636.3	24639.7	32.4791	32.4791	24634.1	39.2383	24637.4	28	3.09	2021-08-27 16:21::07
2346	4189AB83	1318	36.6097	24636.3	24640.1	32.4791	32.4791	24634.1	39.2383	24637.8	28	3.09	2021-08-27 16:21::08
2347	4189AB83	1319	36.6097	24636.7	24640.1	32.4791	32.4791	24633.3	39.6138	24637.1	28	3.1	2021-08-27 16:21::09
2348	4189AB83	1320	36.2342	24636.7	24639.7	32.4791	32.1036	24633.3	39.2383	24637.8	28	3.09	2021-08-27 16:21::10
2349	4189AB83	1321	36.9852	24636.7	24639.7	32.1036	32.4791	24633.3	39.6138	24637.1	28	3.09	2021-08-27 16:21::11
2350	4189AB83	1322	36.9852	24636.7	24640.1	32.4791	32.4791	24633.3	39.6138	24637.1	28	3.09	2021-08-27 16:21::12
2351	4189AB83	1323	36.6097	24636.3	24639.7	32.4791	32.4791	24633.3	39.6138	24637.4	28	3.09	2021-08-27 16:21::13
2352	4189AB83	1324	36.9852	24636.3	24639.7	32.4791	32.4791	24633.3	39.6138	24637.4	28	3.09	2021-08-27 16:21::14
2353	4189AB83	1325	36.9852	24636.7	24640.1	32.1036	32.4791	24633.3	39.6138	24637.1	28	3.09	2021-08-27 16:21::15
2354	4189AB83	1326	36.6097	24636.3	24639.7	32.4791	32.1036	24632.9	39.9893	24637.1	28	3.1	2021-08-27 16:21::15
2355	4189AB83	1327	36.9852	24636.3	24639.7	32.1036	32.4791	24632.9	39.6138	24637.1	28	3.1	2021-08-27 16:21::16
2356	4189AB83	1328	36.9852	24636.7	24640.1	32.4791	32.4791	24632.6	39.6138	24636.7	28	3.09	2021-08-27 16:21::17
2357	4189AB83	1329	36.9852	24636.7	24639.3	32.4791	32.4791	24633.3	39.6138	24637.1	28	3.09	2021-08-27 16:21::18
2358	4189AB83	1330	36.9852	24636.3	24640.1	32.1036	32.4791	24633.3	39.9893	24636.7	28	3.09	2021-08-27 16:21::19
2359	4189AB83	1331	35.9852	24635.3	24638.7	31.1036	31.4791	24632.3	38.9893	24635.7	28	3.09	2021-08-27 16:21::20
2360	4189AB83	1332	37.3607	24636.3	24639.7	32.1036	32.4791	24632.9	39.6138	24636.7	-55	1.22	2021-08-27 16:21::21
2361	4189AB83	1333	37.3607	24636.3	24639.3	32.4791	32.1036	24632.9	39.6138	24636.7	28	3.09	2021-08-27 16:21::22
2362	4189AB83	1334	37.3607	24636.3	24639.3	32.1036	32.4791	24633.3	39.6138	24636.7	28	3.09	2021-08-27 16:21::23
2363	4189AB83	1335	37.3607	24636.3	24639.3	32.1036	32.1036	24633.3	39.9893	24636.7	28	3.09	2021-08-27 16:21::24
2364	4189AB83	1336	37.7362	24636.3	24639.3	32.4791	32.4791	24632.9	39.6138	24636.3	28	3.09	2021-08-27 16:21::24
