9C90AB83	17305	0	0	0	0	0	0	0	0	27	2.91	2021-08-21 13:27::52
18	9C90AB83	17306	26.8605	26.8605	26.9853	58.9828	69.3027	26.8605	26.8605	27.0217	27	2.91	2021-08-21 13:27::52
19	9C90AB83	17307	26.8605	26.8605	26.9437	48.3306	69.3027	26.8605	26.8605	27.0217	27	2.91	2021-08-21 13:27::53
20	9C90AB83	17308	26.8605	26.8605	26.9437	48.3306	69.3027	26.8605	26.8605	27.0217	27	2.91	2021-08-21 13:27::54
21	9C90AB83	17309	27.8605	27.8605	27.9853	59.9828	70.3027	27.8605	27.8605	28.0217	28	2.91	2021-08-21 13:27::55
22	9C90AB83	17310	26.8605	26.8605	26.9437	48.3306	69.3027	26.8605	26.8605	27.0217	27	2.91	2021-08-21 13:27::56
23	9C90AB83	17311	26.8605	26.8605	26.9437	48.3306	69.3027	26.8605	26.8605	27.0217	27	2.91	2021-08-21 13:27::57
24	9C90AB83	17312	26.8605	26.8605	26.9853	58.9828	69.3027	26.8605	26.8605	27.0217	27	2.91	2021-08-21 13:27::58
25	9C90AB83	17313	26.8605	26.8605	26.9437	48.3306	69.3027	26.8605	26.8605	27.0217	27	2.91	2021-08-21 13:27::59
26	9C90AB83	17314	26.8605	26.8605	26.9437	48.3306	69.3027	26.8605	26.8605	27.0217	27	2.91	2021-08-21 13:28::00
27	9C90AB83	17315	26.8605	26.8605	26.9437	48.3306	69.3027	26.8605	26.8605	27.0217	27	2.91	2021-08-21 13:28::01
28	9C90AB83	17316	26.8605	26.8605	26.9437	48.3306	69.3027	26.8605	26.8605	27.0217	27	2.91	2021-08-21 13:28::02
29	9C90AB83	17317	26.8605	26.8605	26.9437	48.3306	69.3027	26.8605	26.8605	27.0217	27	2.91	2021-08-21 13:28::03
30	9C90AB83	17318	26.8605	26.8605	26.9437	48.3306	69.3027	26.8605	26.8605	27.0217	27	2.91	2021-08-21 13:28::04
31	9C90AB83	17319	26.8605	26.8605	26.9437	48.3306	69.3027	26.8605	26.8605	27.0217	27	2.91	2021-08-21 13:28::05
32	9C90AB83	17321	26.8605	26.8605	26.9437	48.3306	69.3027	26.8605	26.8605	27.0217	27	2.91	2021-08-21 13:28::07
33	9C90AB83	17322	26.8605	26.8605	26.9437	48.3306	69.3027	26.8605	26.8605	27.0217	27	2.91	2021-08-21 13:28::08
34	9C90AB83	17323	26.8605	26.8605	26.9853	58.9828	69.3027	26.8605	26.8605	27.0217	27	2.91	2021-08-21 13:28::09
35	9C90AB83	17324	26.8605	26.8605	26.9437	48.3306	69.3027	26.8605	26.9437	48.3261	27	2.91	2021-08-21 13:28::10
36	9C90AB83	17325	26.8605	26.8605	26.9437	48.3306	69.3027	26.8605	26.9437	48.3261	27	2.91	2021-08-21 13:28::11
37	9C90AB83	17326	26.8605	26.8605	26.9437	48.3306	69.3027	26.8605	26.9437	48.3261	27	2.91	2021-08-21 13:28::12
38	9C90AB83	17328	26.8605	26.8605	26.9437	48.3306	69.3027	26.8605	26.9437	48.3261	27	2.91	2021-08-21 13:28::14
39	9C90AB83	17329	68.2937	66.8061	26.9437	48.3306	69.3027	26.8605	26.8605	27.0217	27	2.91	2021-08-21 13:28::15
40	9C90AB83	17330	66.9699	68.8034	26.9437	48.3306	69.3027	26.8605	26.9853	58.9828	27	2.91	2021-08-21 13:28::16
41	9C90AB83	17331	66.8061	26.8605	26.9853	58.9828	69.3027	26.8605	26.8605	27.0263	27	2.91	2021-08-21 13:28::17
42	9C90AB83	17332	67.8893	49.1648	27.9437	49.3306	70.3027	27.8605	27.8605	28.0263	28	2.91	2021-08-21 13:28::18
43	9C90AB83	17333	67.8893	49.1648	27.9437	49.3306	70.3027	27.8605	27.9437	49.3306	28	2.91	2021-08-21 13:28::19
44	9C90AB83	17334	67.8893	49.1648	27.9437	49.3306	70.3027	27.8605	27.9437	49.3306	28	2.91	2021-08-21 13:28::20
45	9C90AB83	17336	67.9517	65.1431	27.9437	49.3306	70.3027	27.8605	27.9437	49.3306	28	2.91	2021-08-21 13:28::22
46	9C90AB83	17337	67.9673	69.1376	27.9437	49.3306	70.3027	27.8605	27.9437	49.3306	28	2.91	2021-08-21 13:28::23
47	9C90AB83	17338	69.1376	27.8605	27.9437	49.3306	70.3027	27.8605	27.9437	49.3306	28	2.91	2021-08-21 13:28::24
48	9C90AB83	17339	69.1376	27.8605	27.9437	49.3306	70.3027	27.8605	27.9437	49.3306	28	2.91	2021-08-21 13:28::25
49	9C90AB83	17340	69.1376	27.8605	27.9437	49.3306	70.3027	27.8605	27.9437	49.3306	28	2.91	2021-08-21 13:28::26
50	9C90AB83	17341	69.1376	27.8605	27.9437	49.3306	70.3027	27.8605	27.9437	49.3306	28	2.91	2021-08-21 13:28::27
51	9C90AB83	17342	69.1376	27.8605	27.9437	49.3306	70.3027	27.8605	27.9437	49.3306	28	2.91	2021-08-21 13:28::28
52	9C90AB83	17343	69.1376	27.8605	27.9437	49.3306	70.3027	27.8605	27.9853	59.9828	28	2.91	2021-08-21 13:28::29
53	9C90AB83	17344	68.1376	26.8605	26.9437	48.3306	69.3027	26.8605	26.9853	58.9828	27	2.91	2021-08-21 13:28::30
54	9C90AB83	17346	69.2208	49.1648	27.9437	49.3306	70.3027	27.8605	27.9853	59.9828	28	2.91	2021-08-21 13:28::31
55	9C90AB83	17347	69.2208	49.1648	27.9437	49.3306	70.3027	27.8605	27.9853	59.9821	28	2.91	2021-08-21 13:28::32
56	9C90AB83	17349	69.2625	59.817	27.9437	49.3306	70.3027	27.8605	28.0061	65.3082	28	2.91	2021-08-21 13:28::34
57	9C90AB83	17350	69.2625	59.817	27.9437	49.3306	70.3027	27.8605	28.0061	65.3082	28	2.91	2021-08-21 13:28::35
58	9C90AB83	17351	69.2833	65.1431	27.9437	49.3306	70.3027	27.8605	28.0061	65.3082	28	2.91	2021-08-21 13:28::36
59	9C90AB83	17352	69.2937	67.8061	27.9437	49.3306	70.3027	27.8605	28.0165	67.9712	28	2.91	2021-08-21 13:28::37
60	9C90AB83	17353	69.1376	27.8605	27.9437	49.3306	70.3027	27.8605	28.0165	67.9712	28	2.91	2021-08-21 13:28::38
61	9C90AB83	17354	69.1376	27.8605	27.9437	49.3306	70.3027	27.8605	28.0217	69.3028	28	2.91	2021-08-21 13:28::39
62	9C90AB83	17355	69.1376	27.8605	27.9437	49.3306	70.3027	27.8605	28.0217	69.3028	28	2.91	2021-08-21 13:28::40
63	9C90AB83	17356	69.1376	27.8605	27.9437	49.3306	70.3027	27.8605	28.0243	69.9685	28	2.91	2021-08-21 13:28::41
64	9C90AB83	17357	69.1376	27.8605	27.9437	49.3306	70.3027	27.8605	27.8605	28.0256	28	2.91	2021-08-21 13:28::42
65	9C90AB83	17358	69.1376	27.8605	27.9437	49.3306	70.3027	27.8605	27.8605	28.0256	28	2.91	2021-08-21 13:28::43
66	9C90AB83	17359	69.1376	27.8605	27.9437	49.3306	70.3027	27.8605	27.8605	28.0256	28	2.91	2021-08-21 13:28::44
67	9C90AB83	17360	69.1376	27.8605	27.9437	49.3306	70.3027	27.8605	27.8605	28.0256	28	2.91	2021-08-21 13:28::45
68	9C90AB83	17361	69.1376	27.8605	27.9437	49.3306	70.3027	27.8605	27.8605	28.0256	28	2.91	2021-08-21 13:28::46
69	9C90AB83	17362	69.2208	49.1648	27.9437	49.3306	70.3027	27.8605	27.8605	28.0256	28	2.91	2021-08-21 13:28::47
70	9C90AB83	17363	69.2208	49.1648	27.9437	49.3306	70.3027	27.8605	27.8605	28.0256	28	2.91	2021-08-21 13:28::48
71	9C90AB83	17364	69.2208	49.1648	27.9437	49.3306	70.3027	27.8605	27.8605	28.0256	28	2.91	2021-08-21 13:28::49
72	9C90AB83	17365	69.2208	49.1648	27.9437	49.3306	70.3027	27.8605	27.8605	28.0256	28	2.91	2021-08-21 13:28::50
73	9C90AB83	17367	69.2625	59.817	27.9437	49.3306	70.3027	27.8605	27.8605	28.0256	28	2.91	2021-08-21 13:28::52
74	9C90AB83	17368	69.2625	59.817	27.9437	49.3306	70.3027	27.8605	27.8605	28.0256	28	2.91	2021-08-21 13:28::53
75	9C90AB83	17369	69.2625	59.817	27.9437	49.3306	70.3027	27.8605	27.8605	28.0256	28	2.91	2021-08-21 13:28::54
76	9C90AB83	17370	69.2833	65.1431	27.9437	49.3306	70.3027	27.8605	27.8605	28.0256	28	2.91	2021-08-21 13:28::55
77	9C90AB83	17371	69.2937	67.8061	27.9853	59.9828	70.3027	27.8605	27.8605	28.0256	28	2.91	2021-08-21 13:28::56
78	9C90AB83	17372	68.1376	26.8605	26.9853	58.9828	69.3027	26.8605	26.8605	27.0256	27	2.91	2021-08-21 13:28::57
79	9C90AB83	17373	69.1376	27.8605	27.9853	59.9828	70.3027	27.8605	27.8605	28.0256	28	2.91	2021-08-21 13:28::58
80	9C90AB83	17375	69.1376	27.8605	27.9437	49.3306	70.3027	27.8605	27.8605	28.0256	28	2.91	2021-08-21 13:29::00
81	9C90AB83	17376	69.1376	27.8605	27.9437	49.3306	70.3027	27.8605	27.8605	28.0256	28	2.91	2021-08-21 13:29::01
82	9C90AB83	17377	69.1376	27.8605	27.9437	49.3306	70.3027	27.8605	27.8605	28.0256	28	2.91	2021-08-21 13:29::02
83	9C90AB83	17378	69.1376	27.8605	27.9437	49.3306	70.3027	27.8605	27.8605	28.0256	28	2.91	2021-08-21 13:29::03
84	9C90AB83	17379	69.1376	27.8605	27.9437	49.3306	70.3027	27.8605	27.8605	28.0256	28	2.91	2021-08-21 13:29::04
85	9C90AB83	17380	69.1376	27.8605	27.9437	49.3306	70.3027	27.8605	27.9437	49.33	28	2.91	2021-08-21 13:29::05
86	9C90AB83	17381	69.1376	27.8605	27.9437	49.3306	70.3027	27.8605	27.9437	49.33	28	2.91	2021-08-21 13:29::06
87	9C90AB83	17382	67.8061	27.8605	27.9437	49.3306	70.3027	27.8605	27.9853	59.9821	28	2.91	2021-08-21 13:29::07
88	9C90AB83	17384	69.2625	59.817	27.9437	49.3306	70.3027	27.8605	27.8605	28.0256	28	2.91	2021-08-21 13:29::09
89	9C90AB83	17385	67.8061	27.8605	27.9437	49.3306	70.3027	27.8605	27.8605	28.0256	28	2.9	2021-08-21 13:29::10
90	9C90AB83	17386	67.8061	27.8605	27.9437	49.3306	70.3027	27.8605	27.8605	28.0256	28	2.91	2021-08-21 13:29::11
91	9C90AB83	17387	65.2679	59.817	27.9437	49.3306	70.3027	27.8605	27.8605	28.0256	28	2.91	2021-08-21 13:29::12
92	9C90AB83	17388	67.8061	27.8605	27.9437	49.3306	70.3027	27.8605	27.8605	28.0256	28	2.91	2021-08-21 13:29::13
93	9C90AB83	17389	67.8893	49.1648	27.9437	49.3306	70.3027	27.8605	27.8605	28.0256	28	2.91	2021-08-21 13:29::14
94	9C90AB83	17390	67.9673	69.1376	27.9437	49.3306	70.3027	27.8605	27.8605	28.0256	28	2.91	2021-08-21 13:29::15
95	9C90AB83	17391	70.2625	60.817	28.9437	50.3306	71.3027	28.8605	28.9437	50.33	29	2.91	2021-08-21 13:29::16
96	9C90AB83	17392	69.1376	27.8605	27.9437	49.3306	70.3027	27.8605	27.9853	59.9821	28	2.91	2021-08-21 13:29::17
97	9C90AB83	17393	67.8893	49.1648	27.9437	49.3306	70.3027	27.8605	27.8605	28.0256	28	2.91	2021-08-21 13:29::18
98	9C90AB83	17394	68.9309	60.817	28.9437	50.3306	71.3027	28.8605	28.8605	29.0256	29	2.91	2021-08-21 13:29::19
99	9C90AB83	17395	67.9517	65.1431	27.9437	49.3306	70.3027	27.8605	27.8605	28.0256	28	2.91	2021-08-21 13:29::20
100	9C90AB83	17396	27.9437	49.1648	27.9437	49.3306	70.3027	27.8605	27.8605	28.0217	28	2.91	2021-08-21 13:29::20
0.08
101	9C90AB83	17397	26.9437	48.1648	26.9853	58.9828	69.3027	26.8605	26.8605	27.0217	28	2.91	2021-08-21 13:29::21
102	9C90AB83	17399	26.9437	48.1648	26.9437	48.3306	69.3027	26.8605	26.8605	27.0217	29	2.91	2021-08-21 13:29::23
103	9C90AB83	17400	27.9437	49.1648	27.9437	49.3306	70.3027	27.8605	27.8605	28.0217	29	2.91	2021-08-21 13:29::24
104	9C90AB83	17401	26.8605	26.8605	26.9437	48.3306	69.3027	26.8605	26.8605	27.0217	28	2.91	2021-08-21 13:29::25
105	9C90AB83	17402	27.8605	27.8605	27.9437	49.3306	70.3027	27.8605	27.8605	28.0217	28	2.91	2021-08-21 13:29::26
106	9C90AB83	17403	26.8605	26.8605	26.9437	48.3306	69.3027	26.8605	26.8605	27.0217	29	2.91	2021-08-21 13:29::27
107	9C90AB83	17404	27.8605	27.8605	27.9437	49.3306	70.3027	27.8605	27.8605	28.0217	28	2.91	2021-08-21 13:29::28
108	9C90AB83	17405	26.8605	26.8605	26.9437	48.3306	69.3027	26.8605	26.8605	27.0217	29	2.91	2021-08-21 13:29::29
109	9C90AB83	17406	26.8605	26.8605	26.9437	48.3306	69.3027	26.8605	26.8605	27.0217	28	2.91	2021-08-21 13:29::30
110	9C90AB83	17407	27.8605	27.8605	27.9853	59.9828	70.3027	27.8605	27.8605	28.0217	28	2.91	2021-08-21 13:29::31
111	9C90AB83	17408	26.8605	26.8605	26.9437	48.3306	69.3027	26.8605	26.8605	27.0217	29	2.9	2021-08-21 13:29::32
112	9C90AB83	17409	26.8605	26.8605	26.9437	48.3306	69.3027	26.8605	26.8605	27.0217	29	2.91	2021-08-21 13:29::33
113	9C90AB83	17410	26.8605	26.8605	26.9437	48.3306	69.3027	26.8605	26.8605	27.0217	28	2.91	2021-08-21 13:29::34
114	9C90AB83	17411	26.8605	26.8605	26.9437	48.3306	69.3027	26.8605	26.8605	27.0217	28	2.91	2021-08-21 13:29::35
115	9C90AB83	17412	26.8605	26.8605	26.9437	48.3306	69.3027	26.8605	26.8605	27.0217	29	2.91	2021-08-21 13:29::36
116	9C90AB83	17413	26.8605	26.8605	26.9437	48.3306	69.3027	26.8605	26.8605	27.0217	28	2.91	2021-08-21 13:29::37
117	9C90AB83	17414	26.8605	26.8605	26.9437	48.3306	69.3027	26.8605	26.9437	48.3261	29	2.91	2021-08-21 13:29::38
118	9C90AB83	17416	26.8605	26.8605	26.9437	48.3306	69.3027	26.8605	26.9437	48.3261	28	2.91	2021-08-21 13:29::40
119	9C90AB83	17417	68.2937	66.8061	26.9437	48.3306	69.3027	26.8605	26.8605	27.0217	28	2.91	2021-08-21 13:29::41
120	9C90AB83	17418	66.8061	26.8605	26.9853	58.9828	69.3027	26.8605	26.8605	27.0263	28	2.91	2021-08-21 13:29::42
121	9C90AB83	17419	67.8893	49.1648	27.9437	49.3306	70.3027	27.8605	27.9437	49.3306	29	2.91	2021-08-21 13:29::43
122	9C90AB83	17420	67.9517	65.1431	27.9437	49.3306	70.3027	27.8605	27.9437	49.3306	28	2.91	2021-08-21 13:29::44
123	9C90AB83	17421	69.1376	27.8605	27.9437	49.3306	70.3027	27.8605	27.9437	49.3306	28	2.91	2021-08-21 13:29::45
124	9C90AB83	17422	69.1376	27.8605	27.9437	49.3306	70.3027	27.8605	27.9437	49.3306	28	2.91	2021-08-21 13:29::46
125	9C90AB83	17423	69.1376	27.8605	27.9437	49.3306	70.3027	27.8605	27.9437	49.3306	28	2.91	2021-08-21 13:29::47
126	9C90AB83	17424	68.1376	26.8605	26.9437	48.3306	69.3027	26.8605	26.9853	58.9828	28	2.91	2021-08-21 13:29::48
127	9C90AB83	17425	69.2208	49.1648	27.9437	49.3306	70.3027	27.8605	27.9853	59.9821	28	2.91	2021-08-21 13:29::49
128	9C90AB83	17426	69.2625	59.817	27.9437	49.3306	70.3027	27.8605	28.0061	65.3082	29	2.91	2021-08-21 13:29::50
129	9C90AB83	17427	69.2937	67.8061	27.9437	49.3306	70.3027	27.8605	28.0165	67.9712	28	2.9	2021-08-21 13:29::51
130	9C90AB83	17428	69.1376	27.8605	27.9437	49.3306	70.3027	27.8605	28.0217	69.3028	28	2.91	2021-08-21 13:29::52
131	9C90AB83	17429	69.1376	27.8605	27.9437	49.3306	70.3027	27.8605	28.0243	69.9685	28	2.91	2021-08-21 13:29::53
132	9C90AB83	17430	69.1376	27.8605	27.9437	49.3306	70.3027	27.8605	27.8605	28.0256	28	2.91	2021-08-21 13:29::54
133	9C90AB83	17431	69.1376	27.8605	27.9437	49.3306	70.3027	27.8605	27.8605	28.0256	28	2.91	2021-08-21 13:29::55
134	9C90AB83	17432	69.2208	49.1648	27.9437	49.3306	70.3027	27.8605	27.8605	28.0256	28	2.91	2021-08-21 13:29::56
135	9C90AB83	17434	69.2208	49.1648	27.9437	49.3306	70.3027	27.8605	27.8605	28.0256	28	2.91	2021-08-21 13:29::58
136	9C90AB83	17435	69.2625	59.817	27.9437	49.3306	70.3027	27.8605	27.8605	28.0256	28	2.91	2021-08-21 13:29::59
137	9C90AB83	17436	69.2625	59.817	27.9437	49.3306	70.3027	27.8605	27.8605	28.0256	28	2.91	2021-08-21 13:30::00
138	9C90AB83	17437	69.2937	67.8061	27.9853	59.9828	70.3027	27.8605	27.8605	28.0256	28	2.9	2021-08-21 13:30::01
139	9C90AB83	17438	69.1376	27.8605	27.9853	59.9828	70.3027	27.8605	27.8605	28.0256	28	2.91	2021-08-21 13:30::02
140	9C90AB83	17439	69.1376	27.8605	27.9437	49.3306	70.3027	27.8605	27.8605	28.0256	28	2.91	2021-08-21 13:30::03
141	9C90AB83	17440	69.1376	27.8605	27.9437	49.3306	70.3027	27.8605	27.8605	28.0256	28	2.9	2021-08-21 13:30::04
142	9C90AB83	17441	69.1376	27.8605	27.9437	49.3306	70.3027	27.8605	27.9437	49.33	28	2.91	2021-08-21 13:30::05
143	9C90AB83	17442	67.8061	27.8605	27.9437	49.3306	70.3027	27.8605	27.9853	59.9821	29	2.91	2021-08-21 13:30::06
144	9C90AB83	17443	67.8061	27.8605	27.9437	49.3306	70.3027	27.8605	27.8605	28.0256	28	2.9	2021-08-21 13:30::07
145	9C90AB83	17444	65.2679	59.817	27.9437	49.3306	70.3027	27.8605	27.8605	28.0256	28	2.91	2021-08-21 13:30::08
146	9C90AB83	17445	67.8893	49.1648	27.9437	49.3306	70.3027	27.8605	27.8605	28.0256	28	2.91	2021-08-21 13:30::08
147	9C90AB83	17446	70.2625	60.817	28.9437	50.3306	71.3027	28.8605	28.9437	50.33	28	2.9	2021-08-21 13:30::09
148	9C90AB83	17448	67.8893	49.1648	27.9437	49.3306	70.3027	27.8605	27.8605	28.0256	28	2.91	2021-08-21 13:30::11
149	9C90AB83	17449	67.9517	65.1431	27.9437	49.3306	70.3027	27.8605	27.8605	28.0256	28	2.91	2021-08-21 13:30::12
150	9C90AB83	17450	67.8061	27.8605	27.9437	49.3306	70.3027	27.8605	27.8605	28.0256	28	2.91	2021-08-21 13:30::13
151	9C90AB83	17451	68.8061	28.8605	28.9437	50.3306	71.3027	28.8605	28.8605	29.0256	28	2.91	2021-08-21 13:30::14
152	9C90AB83	17452	67.8061	27.8605	27.9437	49.3306	70.3027	27.8605	27.9437	49.33	28	2.9	2021-08-21 13:30::15
153	9C90AB83	17453	67.8893	49.1648	27.9437	49.3306	70.3027	27.8605	27.9437	49.33	28	2.91	2021-08-21 13:30::16
154	9C90AB83	17454	67.8893	49.1648	27.9437	49.3306	70.3027	27.8605	27.9437	49.33	28	2.91	2021-08-21 13:30::17
155	9C90AB83	17455	68.9309	60.817	28.9437	50.3306	71.3027	28.8605	28.9437	50.33	28	2.9	2021-08-21 13:30::18
156	9C90AB83	17456	67.9517	65.1431	27.9437	49.3306	70.3027	27.8605	27.9437	49.33	28	2.91	2021-08-21 13:30::19
157	9C90AB83	17457	68.8061	28.8605	28.9437	50.3306	71.3027	28.8605	28.9437	50.33	28	2.9	2021-08-21 13:30::20
158	9C90AB83	17458	68.8061	28.8605	28.9437	50.3306	71.3027	28.8605	28.9437	50.33	28	2.91	2021-08-21 13:30::21
159	9C90AB83	17459	67.8061	27.8605	27.9437	49.3306	70.3027	27.8605	27.9853	59.9821	28	2.9	2021-08-21 13:30::22
160	9C90AB83	17460	68.8061	28.8605	28.9437	50.3306	71.3027	28.8605	28.9853	60.9821	28	2.91	2021-08-21 13:30::23
161	9C90AB83	17461	67.8893	49.1648	27.9437	49.3306	70.3027	27.8605	27.9853	59.9821	28	2.91	2021-08-21 13:30::24
162	9C90AB83	17462	67.8893	49.1648	27.9437	49.3306	70.3027	27.8605	27.9853	59.9821	28	2.91	2021-08-21 13:30::25
163	9C90AB83	17464	67.9309	59.817	27.9437	49.3306	70.3027	27.8605	28.0061	65.3082	28	2.91	2021-08-21 13:30::27
164	9C90AB83	17465	67.9517	65.1431	27.9437	49.3306	70.3027	27.8605	28.0061	65.3082	28	2.91	2021-08-21 13:30::28
165	9C90AB83	17466	69.1376	27.8605	27.9437	49.3306	70.3027	27.8605	28.0165	67.9712	28	2.91	2021-08-21 13:30::29
166	9C90AB83	17467	69.1376	27.8605	27.9437	49.3306	70.3027	27.8605	28.0217	69.3028	28	2.91	2021-08-21 13:30::30
167	9C90AB83	17468	69.1376	27.8605	27.9437	49.3306	70.3027	27.8605	27.8605	28.0256	28	2.9	2021-08-21 13:30::31
168	9C90AB83	17469	69.1376	27.8605	27.9437	49.3306	70.3027	27.8605	27.8605	28.0256	28	2.91	2021-08-21 13:30::32
169	9C90AB83	17470	69.1376	27.8605	27.9437	49.3306	70.3027	27.8605	27.8605	28.0256	28	2.91	2021-08-21 13:30::33
170	9C90AB83	17471	69.2208	49.1648	27.9437	49.3306	70.3027	27.8605	27.8605	28.0256	28	2.91	2021-08-21 13:30::34
171	9C90AB83	17472	70.2208	50.1648	28.9437	50.3306	71.3027	28.8605	28.8605	29.0243	28	2.91	2021-08-21 13:30::35
172	9C90AB83	17473	69.2625	59.817	27.9437	49.3306	70.3027	27.8605	27.8605	28.0243	28	2.91	2021-08-21 13:30::36
173	9C90AB83	17474	69.2833	65.1431	27.9437	49.3306	70.3027	27.8605	27.8605	28.0243	28	2.91	2021-08-21 13:30::37
174	9C90AB83	17475	69.1376	27.8605	27.9437	49.3306	70.3027	27.8605	27.8605	28.0243	28	2.91	2021-08-21 13:30::38
175	9C90AB83	17476	69.1376	27.8605	27.9437	49.3306	70.3027	27.8605	27.8605	28.0243	28	2.91	2021-08-21 13:30::39
176	9C90AB83	17477	69.1376	27.8605	27.9437	49.3306	70.3027	27.8605	27.8605	28.0243	28	2.91	2021-08-21 13:30::40
177	9C90AB83	17478	69.1376	27.8605	27.9437	49.3306	70.3027	27.8605	27.8605	28.0243	28	2.9	2021-08-21 13:30::41
178	9C90AB83	17480	69.1376	27.8605	27.9437	49.3306	70.3027	27.8605	27.8605	28.0243	28	2.9	2021-08-21 13:30::43
179	9C90AB83	17481	69.1376	27.8605	27.9437	49.3306	70.3027	27.8605	27.8605	28.0243	28	2.91	2021-08-21 13:30::44
180	9C90AB83	17482	69.2208	49.1648	27.9437	49.3306	70.3027	27.8605	27.8605	28.0243	28	2.91	2021-08-21 13:30::45
181	9C90AB83	17483	69.2208	49.1648	27.9437	49.3306	70.3027	27.8605	27.8605	28.0243	28	2.91	2021-08-21 13:30::46
182	9C90AB83	17484	69.2625	59.817	27.9437	49.3306	70.3027	27.8605	27.8605	28.0243	28	2.9	2021-08-21 13:30::47
183	9C90AB83	17485	69.2833	65.1431	27.9437	49.3306	70.3027	27.8605	27.8605	28.0243	28	2.91	2021-08-21 13:30::48
184	9C90AB83	17486	69.2989	69.1376	27.9437	49.3306	70.3027	27.8605	27.8605	28.0243	28	2.91	2021-08-21 13:30::49
185	9C90AB83	17487	69.1376	27.8605	27.9437	49.3306	70.3027	27.8605	27.8605	28.0243	28	2.91	2021-08-21 13:30::50
186	9C90AB83	17488	69.1376	27.8605	27.9437	49.3306	70.3027	27.8605	27.8605	28.0243	28	2.91	2021-08-21 13:30::51
187	9C90AB83	17489	69.1376	27.8605	27.9437	49.3306	70.3027	27.8605	27.8605	28.0243	28	2.91	2021-08-21 13:30::52
188	9C90AB83	17490	69.1376	27.8605	27.9437	49.3306	70.3027	27.8605	27.8605	28.0243	28	2.9	2021-08-21 13:30::53
189	9C90AB83	17491	69.1376	27.8605	27.9437	49.3306	70.3027	27.8605	27.8605	28.0243	28	2.91	2021-08-21 13:30::54
190	9C90AB83	17492	69.2208	49.1648	27.9437	49.3306	70.3027	27.8605	27.8605	28.0243	28	2.91	2021-08-21 13:30::55
191	9C90AB83	17493	69.2208	49.1648	27.9853	59.9828	70.3027	27.8605	27.8605	28.0243	28	2.9	2021-08-21 13:30::56
192	9C90AB83	17495	69.2208	49.1648	27.9437	49.3306	70.3027	27.8605	27.8605	28.0243	28	2.9	2021-08-21 13:30::57
193	9C90AB83	17496	69.2208	49.1648	27.9437	49.3306	70.3027	27.8605	27.8605	28.0243	28	2.91	2021-08-21 13:30::58
194	9C90AB83	17497	69.2625	59.817	27.9437	49.3306	70.3027	27.8605	27.8605	28.0243	28	2.91	2021-08-21 13:30::59
195	9C90AB83	17498	69.2833	65.1431	27.9437	49.3306	70.3027	27.8605	27.8605	28.0243	28	2.9	2021-08-21 13:31::00
196	9C90AB83	17499	69.1376	27.8605	27.9437	49.3306	70.3027	27.8605	27.9437	49.3287	28	2.91	2021-08-21 13:31::01
197	9C90AB83	17500	69.1376	27.8605	27.9437	49.3306	70.3027	27.8605	27.9437	49.3287	28	2.91	2021-08-21 13:31::02
198	9C90AB83	17501	69.1376	27.8605	27.9437	49.3306	70.3027	27.8605	27.9437	49.3287	28	2.9	2021-08-21 13:31::03
199	9C90AB83	17502	69.1376	27.8605	27.9437	49.3306	70.3027	27.8605	27.9437	49.3287	28	2.9	2021-08-21 13:31::04
200	9C90AB83	17503	67.8061	27.8605	27.9437	49.3306	70.3027	27.8605	27.8605	28.0256	28	2.91	2021-08-21 13:31::05
0.07
201	9C90AB83	17504	68.8061	28.8605	28.9437	50.3306	71.3027	28.8605	28.8605	29.0256	28	2.91	2021-08-21 13:31::06
202	9C90AB83	17505	67.8061	27.8605	27.9437	49.3306	70.3027	27.8605	27.9437	49.33	28	2.91	2021-08-21 13:31::07
203	9C90AB83	17506	67.8893	49.1648	27.9437	49.3306	70.3027	27.8605	27.9437	49.33	28	2.91	2021-08-21 13:31::08
204	9C90AB83	17508	67.8893	49.1648	27.9437	49.3306	70.3027	27.8605	27.9437	49.33	28	2.91	2021-08-21 13:31::10
205	9C90AB83	17509	68.9309	60.817	28.9437	50.3306	71.3027	28.8605	28.9437	50.33	28	2.91	2021-08-21 13:31::11
206	9C90AB83	17510	67.9517	65.1431	27.9437	49.3306	70.3027	27.8605	27.9437	49.33	28	2.91	2021-08-21 13:31::12
207	9C90AB83	17511	68.8061	28.8605	28.9437	50.3306	71.3027	28.8605	28.9437	50.33	28	2.91	2021-08-21 13:31::13
208	9C90AB83	17512	68.8061	28.8605	28.9437	50.3306	71.3027	28.8605	28.9437	50.33	28	2.91	2021-08-21 13:31::14
209	9C90AB83	17513	67.8061	27.8605	27.9437	49.3306	70.3027	27.8605	27.9853	59.9821	28	2.91	2021-08-21 13:31::15
210	9C90AB83	17514	68.8061	28.8605	28.9437	50.3306	71.3027	28.8605	28.9853	60.9821	28	2.9	2021-08-21 13:31::16
211	9C90AB83	17515	67.8893	49.1648	27.9437	49.3306	70.3027	27.8605	27.9853	59.9821	28	2.91	2021-08-21 13:31::17
212	9C90AB83	17516	67.8893	49.1648	27.9437	49.3306	70.3027	27.8605	27.9853	59.9821	28	2.91	2021-08-21 13:31::18
213	9C90AB83	17517	67.9309	59.817	27.9437	49.3306	70.3027	27.8605	28.0061	65.3082	28	2.91	2021-08-21 13:31::19
214	9C90AB83	17518	67.9517	65.1431	27.9437	49.3306	70.3027	27.8605	28.0061	65.3082	28	2.91	2021-08-21 13:31::20
215	9C90AB83	17519	69.1376	27.8605	27.9437	49.3306	70.3027	27.8605	28.0165	67.9712	28	2.91	2021-08-21 13:31::21
216	9C90AB83	17521	69.1376	27.8605	27.9437	49.3306	70.3027	27.8605	28.0217	69.3028	28	2.91	2021-08-21 13:31::23
217	9C90AB83	17522	69.1376	27.8605	27.9437	49.3306	70.3027	27.8605	27.8605	28.0256	28	2.91	2021-08-21 13:31::24
218	9C90AB83	17523	69.1376	27.8605	27.9437	49.3306	70.3027	27.8605	27.8605	28.0256	28	2.9	2021-08-21 13:31::25
219	9C90AB83	17524	69.1376	27.8605	27.9437	49.3306	70.3027	27.8605	27.8605	28.0256	28	2.91	2021-08-21 13:31::26
220	9C90AB83	17525	69.2208	49.1648	27.9437	49.3306	70.3027	27.8605	27.8605	28.0256	28	2.9	2021-08-21 13:31::27
221	9C90AB83	17526	70.2208	50.1648	28.9437	50.3306	71.3027	28.8605	28.8605	29.0243	28	2.91	2021-08-21 13:31::28
222	9C90AB83	17527	69.2625	59.817	27.9437	49.3306	70.3027	27.8605	27.8605	28.0243	28	2.9	2021-08-21 13:31::29
223	9C90AB83	17528	69.2833	65.1431	27.9437	49.3306	70.3027	27.8605	27.8605	28.0243	28	2.9	2021-08-21 13:31::30
224	9C90AB83	17529	69.1376	27.8605	27.9437	49.3306	70.3027	27.8605	27.8605	28.0243	28	2.9	2021-08-21 13:31::31
225	9C90AB83	17530	69.1376	27.8605	27.9437	49.3306	70.3027	27.8605	27.8605	28.0243	28	2.9	2021-08-21 13:31::32
226	9C90AB83	17531	69.1376	27.8605	27.9437	49.3306	70.3027	27.8605	27.8605	28.0243	28	2.9	2021-08-21 13:31::33
227	9C90AB83	17532	69.1376	27.8605	27.9437	49.3306	70.3027	27.8605	27.8605	28.0243	28	2.91	2021-08-21 13:31::34
228	9C90AB83	17534	69.1376	27.8605	27.9437	49.3306	70.3027	27.8605	27.8605	28.0243	28	2.9	2021-08-21 13:31::36
229	9C90AB83	17535	69.1376	27.8605	27.9437	49.3306	70.3027	27.8605	27.8605	28.0243	28	2.9	2021-08-21 13:31::37
230	9C90AB83	17536	69.2208	49.1648	27.9437	49.3306	70.3027	27.8605	27.8605	28.0243	28	2.9	2021-08-21 13:31::38
231	9C90AB83	17537	69.2208	49.1648	27.9437	49.3306	70.3027	27.8605	27.8605	28.0243	28	2.91	2021-08-21 13:31::39
232	9C90AB83	17538	69.2625	59.817	27.9437	49.3306	70.3027	27.8605	27.8605	28.0243	28	2.91	2021-08-21 13:31::40
233	9C90AB83	17539	69.2833	65.1431	27.9437	49.3306	70.3027	27.8605	27.8605	28.0243	28	2.9	2021-08-21 13:31::41
234	9C90AB83	17540	69.2989	69.1376	27.9437	49.3306	70.3027	27.8605	27.8605	28.0243	28	2.9	2021-08-21 13:31::42
235	9C90AB83	17541	69.1376	27.8605	27.9437	49.3306	70.3027	27.8605	27.8605	28.0243	28	2.91	2021-08-21 13:31::43
236	9C90AB83	17542	69.1376	27.8605	27.9437	49.3306	70.3027	27.8605	27.8605	28.0243	28	2.9	2021-08-21 13:31::44
237	9C90AB83	17543	69.1376	27.8605	27.9437	49.3306	70.3027	27.8605	27.8605	28.0243	28	2.9	2021-08-21 13:31::45
238	9C90AB83	17544	69.1376	27.8605	27.9437	49.3306	70.3027	27.8605	27.8605	28.0243	28	2.91	2021-08-21 13:31::46
239	9C90AB83	17545	69.1376	27.8605	27.9437	49.3306	70.3027	27.8605	27.8605	28.0243	28	2.91	2021-08-21 13:31::46
240	9C90AB83	17546	69.2208	49.1648	27.9437	49.3306	70.3027	27.8605	27.8605	28.0243	28	2.91	2021-08-21 13:31::47
241	9C90AB83	17547	69.2208	49.1648	27.9853	59.9828	70.3027	27.8605	27.8605	28.0243	28	2.9	2021-08-21 13:31::48
242	9C90AB83	17549	69.2208	49.1648	27.9437	49.3306	70.3027	27.8605	27.8605	28.0243	28	2.91	2021-08-21 13:31::50
243	9C90AB83	17550	69.2208	49.1648	27.9437	49.3306	70.3027	27.8605	27.8605	28.0243	28	2.9	2021-08-21 13:31::51
244	9C90AB83	17551	69.2625	59.817	27.9437	49.3306	70.3027	27.8605	27.8605	28.0243	28	2.9	2021-08-21 13:31::52
245	9C90AB83	17552	69.2833	65.1431	27.9437	49.3306	70.3027	27.8605	27.8605	28.0243	28	2.91	2021-08-21 13:31::53
246	9C90AB83	17553	69.1376	27.8605	27.9437	49.3306	70.3027	27.8605	27.9437	49.3287	28	2.9	2021-08-21 13:31::54
247	9C90AB83	17554	69.1376	27.8605	27.9437	49.3306	70.3027	27.8605	27.9437	49.3287	28	2.9	2021-08-21 13:31::55
248	9C90AB83	17555	69.1376	27.8605	27.9437	49.3306	70.3027	27.8605	27.9437	49.3287	28	2.91	2021-08-21 13:31::56
249	9C90AB83	17556	69.1376	27.8605	27.9437	49.3306	70.3027	27.8605	27.9437	49.3287	28	2.9	2021-08-21 13:31::57
250	9C90AB83	17557	69.1376	27.8605	27.9437	49.3306	70.3027	27.8605	27.9437	49.3287	28	2.91	2021-08-21 13:31::58
251	9C90AB83	17558	69.1376	27.8605	27.9437	49.3306	70.3027	27.8605	27.9437	49.3287	28	2.9	2021-08-21 13:31::59
252	9C90AB83	17559	69.2208	49.1648	27.9853	59.9828	70.3027	27.8605	27.9437	49.3287	28	2.91	2021-08-21 13:32::00
253	9C90AB83	17560	69.2208	49.1648	27.9437	49.3306	70.3027	27.8605	27.9437	49.3287	28	2.91	2021-08-21 13:32::01
254	9C90AB83	17562	69.2208	49.1648	27.9437	49.3306	70.3027	27.8605	27.9437	49.3287	28	2.91	2021-08-21 13:32::03
255	9C90AB83	17563	69.2208	49.1648	27.9437	49.3306	70.3027	27.8605	27.9437	49.3287	28	2.91	2021-08-21 13:32::04
256	9C90AB83	17564	69.2625	59.817	27.9437	49.3306	70.3027	27.8605	27.9437	49.3287	28	2.91	2021-08-21 13:32::05
257	9C90AB83	17565	69.2625	59.817	27.9437	49.3306	70.3027	27.8605	27.9437	49.3287	28	2.91	2021-08-21 13:32::06
258	9C90AB83	17566	69.2833	65.1431	27.9437	49.3306	70.3027	27.8605	27.9437	49.3287	28	2.91	2021-08-21 13:32::07
259	9C90AB83	17567	69.8034	27.8605	27.9853	59.9828	70.3027	27.8605	27.9437	49.3287	28	2.9	2021-08-21 13:32::08
260	9C90AB83	17568	69.8034	27.8605	27.9437	49.3306	70.3027	27.8605	27.9437	49.3287	28	2.9	2021-08-21 13:32::09
261	9C90AB83	17569	69.8034	27.8605	27.9853	59.9828	70.3027	27.8605	27.9437	49.3287	28	2.9	2021-08-21 13:32::10
262	9C90AB83	17569	69.8034	27.8605	27.9853	59.9828	70.3027	27.8605	27.9437	49.3287	28	2.9	2021-08-21 13:32::10
263	9C90AB83	17570	69.8034	27.8605	27.9853	59.9828	70.3027	27.8605	27.9437	49.3287	28	2.9	2021-08-21 13:32::11
264	9C90AB83	17571	69.8034	27.8605	27.9437	49.3306	70.3027	27.8605	27.9437	49.3287	28	2.9	2021-08-21 13:32::12
265	9C90AB83	17572	69.8034	27.8605	27.9853	59.9828	70.3027	27.8605	27.9437	49.3287	28	2.9	2021-08-21 13:32::13
266	9C90AB83	17572	69.8034	27.8605	27.9853	59.9828	70.3027	27.8605	27.9437	49.3287	28	2.9	2021-08-21 13:32::13
267	9C90AB83	17573	69.8866	49.1648	27.9437	49.3306	70.3027	27.8605	27.9853	59.9808	28	2.9	2021-08-21 13:32::14
268	9C90AB83	17574	69.8866	49.1648	27.9437	49.3306	70.3027	27.8605	27.9853	59.9808	28	2.9	2021-08-21 13:32::15
269	9C90AB83	17575	69.8866	49.1648	27.9437	49.3306	70.3027	27.8605	27.9853	59.9808	28	2.9	2021-08-21 13:32::16
270	9C90AB83	17576	69.8866	49.1648	27.9437	49.3306	70.3027	27.8605	27.9853	59.9808	28	2.9	2021-08-21 13:32::17
271	9C90AB83	17577	69.9282	59.817	27.9437	49.3306	70.3027	27.8605	27.9853	59.9808	28	2.91	2021-08-21 13:32::18
272	9C90AB83	17578	69.949	65.1431	27.9437	49.3306	70.3027	27.8605	27.9853	59.9808	28	2.9	2021-08-21 13:32::19
273	9C90AB83	17579	69.9594	67.8061	27.9437	49.3306	70.3027	27.8605	27.9853	59.9808	28	2.91	2021-08-21 13:32::20
274	9C90AB83	17580	69.8034	27.8605	27.9437	49.3306	70.3027	27.8605	28.0061	65.3069	28	2.9	2021-08-21 13:32::21
275	9C90AB83	17581	69.8034	27.8605	27.9437	49.3306	70.3027	27.8605	27.9853	59.9808	28	2.91	2021-08-21 13:32::22
276	9C90AB83	17583	69.8034	27.8605	27.9853	59.9828	70.3027	27.8605	27.9853	59.9808	28	2.91	2021-08-21 13:32::24
277	9C90AB83	17584	69.8034	27.8605	27.9853	59.9828	70.3027	27.8605	28.0061	65.3069	28	2.9	2021-08-21 13:32::25
278	9C90AB83	17585	69.8034	27.8605	27.9853	59.9828	70.3027	27.8605	27.9853	59.9808	28	2.9	2021-08-21 13:32::26
279	9C90AB83	17586	69.8034	27.8605	27.9853	59.9828	70.3027	27.8605	28.0061	65.3069	28	2.91	2021-08-21 13:32::27
280	9C90AB83	17587	69.8034	27.8605	27.9853	59.9828	70.3027	27.8605	28.0061	65.3069	28	2.9	2021-08-21 13:32::28
281	9C90AB83	17588	69.8034	27.8605	27.9437	49.3306	70.3027	27.8605	28.0061	65.3069	28	2.91	2021-08-21 13:32::29
282	9C90AB83	17589	69.8034	27.8605	27.9853	59.9828	70.3027	27.8605	27.9853	59.9808	28	2.9	2021-08-21 13:32::30
283	9C90AB83	17590	69.8034	27.8605	27.9853	59.9828	70.3027	27.8605	27.9853	59.9808	28	2.9	2021-08-21 13:32::31
284	9C90AB83	17592	69.8866	49.1648	27.9853	59.9828	70.3027	27.8605	27.9853	59.9808	28	2.9	2021-08-21 13:32::33
285	9C90AB83	17593	69.8866	49.1648	27.9853	59.9828	70.3027	27.8605	27.9853	59.9808	28	2.9	2021-08-21 13:32::34
286	9C90AB83	17594	69.8866	49.1648	27.9853	59.9828	70.3027	27.8605	27.9853	59.9808	28	2.91	2021-08-21 13:32::35
287	9C90AB83	17595	69.8866	49.1648	27.9853	59.9828	70.3027	27.8605	27.9853	59.9808	28	2.9	2021-08-21 13:32::36
288	9C90AB83	17596	69.9282	59.817	27.9437	49.3306	70.3027	27.8605	28.0061	65.3069	28	2.9	2021-08-21 13:32::36
289	9C90AB83	17597	69.9282	59.817	27.9853	59.9828	70.3027	27.8605	27.8605	28.0243	28	2.9	2021-08-21 13:32::37
290	9C90AB83	17598	69.9282	59.817	27.9853	59.9828	70.3027	27.8605	28.0165	67.9699	28	2.9	2021-08-21 13:32::38
291	9C90AB83	17599	69.949	65.1431	27.9437	49.3306	70.3027	27.8605	27.8605	28.0243	28	2.91	2021-08-21 13:32::39
292	9C90AB83	17600	69.9672	69.8034	27.9437	49.3306	70.3027	27.8605	27.8605	28.0243	28	2.9	2021-08-21 13:32::40
293	9C90AB83	17601	70.1363	27.8605	27.9853	59.9828	70.3027	27.8605	28.0263	70.4665	28	2.9	2021-08-21 13:32::41
294	9C90AB83	17602	70.1363	27.8605	27.9853	59.9828	70.3027	27.8605	28.0165	67.9699	28	2.9	2021-08-21 13:32::42
295	9C90AB83	17603	70.1363	27.8605	27.9853	59.9828	70.3027	27.8605	28.0165	67.9699	28	2.91	2021-08-21 13:32::43
296	9C90AB83	17604	70.1363	27.8605	27.9853	59.9828	70.3027	27.8605	28.0165	67.9699	28	2.91	2021-08-21 13:32::44
297	9C90AB83	17605	70.1363	27.8605	27.9853	59.9828	70.3027	27.8605	28.0165	67.9699	28	2.9	2021-08-21 13:32::45
298	9C90AB83	17606	70.1363	27.8605	27.9853	59.9828	70.3027	27.8605	28.0165	67.9699	28	2.9	2021-08-21 13:32::46
299	9C90AB83	17607	70.1363	27.8605	27.9853	59.9828	70.3027	27.8605	28.0217	69.3015	28	2.91	2021-08-21 13:32::47
300	9C90AB83	17608	69.1376	27.8605	27.9437	49.3306	70.3027	27.8605	27.9437	49.3287	28	2.91	2021-08-21 13:32::48
0.05
301	9C90AB83	17610	69.1376	27.8605	27.9437	49.3306	70.3027	27.8605	27.9437	49.3287	28	2.9	2021-08-21 13:32::50
302	9C90AB83	17611	69.2208	49.1648	27.9853	59.9828	70.3027	27.8605	27.9437	49.3287	28	2.9	2021-08-21 13:32::51
303	9C90AB83	17612	69.2208	49.1648	27.9437	49.3306	70.3027	27.8605	27.9437	49.3287	28	2.9	2021-08-21 13:32::52
304	9C90AB83	17613	69.2208	49.1648	27.9437	49.3306	70.3027	27.8605	27.9437	49.3287	28	2.9	2021-08-21 13:32::53
305	9C90AB83	17614	69.2208	49.1648	27.9437	49.3306	70.3027	27.8605	27.9437	49.3287	28	2.9	2021-08-21 13:32::54
306	9C90AB83	17615	69.2625	59.817	27.9437	49.3306	70.3027	27.8605	27.9437	49.3287	28	2.91	2021-08-21 13:32::55
307	9C90AB83	17616	69.2625	59.817	27.9437	49.3306	70.3027	27.8605	27.9437	49.3287	28	2.9	2021-08-21 13:32::56
308	9C90AB83	17617	69.2833	65.1431	27.9437	49.3306	70.3027	27.8605	27.9437	49.3287	28	2.9	2021-08-21 13:32::57
309	9C90AB83	17618	69.8034	27.8605	27.9853	59.9828	70.3027	27.8605	27.9437	49.3287	28	2.9	2021-08-21 13:32::58
310	9C90AB83	17619	69.8034	27.8605	27.9437	49.3306	70.3027	27.8605	27.9437	49.3287	28	2.9	2021-08-21 13:32::59
311	9C90AB83	17620	69.8034	27.8605	27.9853	59.9828	70.3027	27.8605	27.9437	49.3287	28	2.9	2021-08-21 13:33::00
312	9C90AB83	17621	69.8034	27.8605	27.9853	59.9828	70.3027	27.8605	27.9437	49.3287	28	2.91	2021-08-21 13:33::01
313	9C90AB83	17622	69.8034	27.8605	27.9853	59.9828	70.3027	27.8605	27.9437	49.3287	28	2.9	2021-08-21 13:33::02
314	9C90AB83	17623	69.8034	27.8605	27.9437	49.3306	70.3027	27.8605	27.9437	49.3287	28	2.9	2021-08-21 13:33::03
315	9C90AB83	17624	69.8034	27.8605	27.9853	59.9828	70.3027	27.8605	27.9437	49.3287	28	2.9	2021-08-21 13:33::04
316	9C90AB83	17625	69.8034	27.8605	27.9853	59.9828	70.3027	27.8605	27.9437	49.3287	28	2.91	2021-08-21 13:33::05
317	9C90AB83	17626	69.8866	49.1648	27.9437	49.3306	70.3027	27.8605	27.9853	59.9808	28	2.9	2021-08-21 13:33::06
318	9C90AB83	17627	69.8866	49.1648	27.9437	49.3306	70.3027	27.8605	27.9853	59.9808	28	2.9	2021-08-21 13:33::07
319	9C90AB83	17628	69.8866	49.1648	27.9437	49.3306	70.3027	27.8605	27.9853	59.9808	28	2.9	2021-08-21 13:33::08
320	9C90AB83	17630	69.8866	49.1648	27.9437	49.3306	70.3027	27.8605	27.9853	59.9808	28	2.9	2021-08-21 13:33::10
321	9C90AB83	17631	69.9282	59.817	27.9437	49.3306	70.3027	27.8605	27.9853	59.9808	28	2.9	2021-08-21 13:33::11
322	9C90AB83	17632	69.949	65.1431	27.9437	49.3306	70.3027	27.8605	27.9853	59.9808	28	2.9	2021-08-21 13:33::12
323	9C90AB83	17633	69.9594	67.8061	27.9437	49.3306	70.3027	27.8605	27.9853	59.9808	28	2.9	2021-08-21 13:33::13
324	9C90AB83	17634	69.8034	27.8605	27.9437	49.3306	70.3027	27.8605	28.0061	65.3069	28	2.9	2021-08-21 13:33::14
325	9C90AB83	17635	69.8034	27.8605	27.9437	49.3306	70.3027	27.8605	27.9853	59.9808	28	2.9	2021-08-21 13:33::15
326	9C90AB83	17636	69.8034	27.8605	27.9853	59.9828	70.3027	27.8605	27.9853	59.9808	28	2.9	2021-08-21 13:33::16
327	9C90AB83	17637	69.8034	27.8605	27.9853	59.9828	70.3027	27.8605	28.0061	65.3069	28	2.9	2021-08-21 13:33::17
328	9C90AB83	17638	69.8034	27.8605	27.9853	59.9828	70.3027	27.8605	27.9853	59.9808	28	2.9	2021-08-21 13:33::18
329	9C90AB83	17639	69.8034	27.8605	27.9853	59.9828	70.3027	27.8605	28.0061	65.3069	28	2.9	2021-08-21 13:33::19
330	9C90AB83	17640	69.8034	27.8605	27.9853	59.9828	70.3027	27.8605	28.0061	65.3069	28	2.9	2021-08-21 13:33::20
331	9C90AB83	17641	69.8034	27.8605	27.9437	49.3306	70.3027	27.8605	28.0061	65.3069	28	2.9	2021-08-21 13:33::21
332	9C90AB83	17642	69.8034	27.8605	27.9853	59.9828	70.3027	27.8605	27.9853	59.9808	28	2.91	2021-08-21 13:33::22
333	9C90AB83	17643	69.8034	27.8605	27.9853	59.9828	70.3027	27.8605	27.9853	59.9808	28	2.9	2021-08-21 13:33::23
334	9C90AB83	17644	69.8866	49.1648	27.9853	59.9828	70.3027	27.8605	27.9853	59.9808	28	2.9	2021-08-21 13:33::24
335	9C90AB83	17645	69.8866	49.1648	27.9853	59.9828	70.3027	27.8605	27.9853	59.9808	28	2.9	2021-08-21 13:33::25
336	9C90AB83	17646	69.8866	49.1648	27.9853	59.9828	70.3027	27.8605	27.9853	59.9808	28	2.9	2021-08-21 13:33::25
337	9C90AB83	17647	69.8866	49.1648	27.9853	59.9828	70.3027	27.8605	27.9853	59.9808	28	2.9	2021-08-21 13:33::26
338	9C90AB83	17648	69.9282	59.817	27.9437	49.3306	70.3027	27.8605	28.0061	65.3069	28	2.9	2021-08-21 13:33::27
339	9C90AB83	17649	69.9282	59.817	27.9853	59.9828	70.3027	27.8605	27.8605	28.0243	28	2.9	2021-08-21 13:33::28
340	9C90AB83	17650	69.9282	59.817	27.9853	59.9828	70.3027	27.8605	28.0165	67.9699	28	2.9	2021-08-21 13:33::29
341	9C90AB83	17651	69.949	65.1431	27.9437	49.3306	70.3027	27.8605	27.8605	28.0243	28	2.9	2021-08-21 13:33::30
342	9C90AB83	17652	69.9672	69.8034	27.9437	49.3306	70.3027	27.8605	27.8605	28.0243	28	2.9	2021-08-21 13:33::31
343	9C90AB83	17653	70.1363	27.8605	27.9853	59.9828	70.3027	27.8605	28.0263	70.4665	28	2.9	2021-08-21 13:33::32
344	9C90AB83	17654	70.1363	27.8605	27.9853	59.9828	70.3027	27.8605	28.0165	67.9699	28	2.9	2021-08-21 13:33::33
345	9C90AB83	17655	70.1363	27.8605	27.9853	59.9828	70.3027	27.8605	28.0165	67.9699	28	2.9	2021-08-21 13:33::34
346	9C90AB83	17656	70.1363	27.8605	27.9853	59.9828	70.3027	27.8605	28.0165	67.9699	28	2.91	2021-08-21 13:33::35
347	9C90AB83	17657	70.1363	27.8605	27.9853	59.9828	70.3027	27.8605	28.0165	67.9699	28	2.9	2021-08-21 13:33::36
348	9C90AB83	17658	70.1363	27.8605	27.9853	59.9828	70.3027	27.8605	28.0165	67.9699	28	2.9	2021-08-21 13:33::37
349	9C90AB83	17659	70.1363	27.8605	27.9853	59.9828	70.3027	27.8605	28.0217	69.3015	28	2.9	2021-08-21 13:33::38
350	9C90AB83	17660	70.1363	27.8605	27.9853	59.9828	70.3027	27.8605	27.8605	28.0243	28	2.9	2021-08-21 13:33::39
351	9C90AB83	17662	70.1363	27.8605	27.9437	49.3306	70.3027	27.8605	27.8605	28.0243	28	2.9	2021-08-21 13:33::41
352	9C90AB83	17664	70.1363	27.8605	27.9437	49.3306	70.3027	27.8605	27.8605	28.0243	28	2.9	2021-08-21 13:33::43
353	9C90AB83	17665	70.2195	49.1648	27.9437	49.3306	70.3027	27.8605	27.8605	28.0243	28	2.9	2021-08-21 13:33::44
354	9C90AB83	17666	70.2195	49.1648	27.9437	49.3306	70.3027	27.8605	27.8605	28.0243	28	2.9	2021-08-21 13:33::45
355	9C90AB83	17668	70.2195	49.1648	27.9853	59.9828	70.3027	27.8605	27.8605	28.0243	28	2.9	2021-08-21 13:33::47
356	9C90AB83	17669	70.2195	49.1648	27.9853	59.9828	70.3027	27.8605	27.8605	28.0243	28	2.9	2021-08-21 13:33::48
357	9C90AB83	17670	70.2195	49.1648	27.9437	49.3306	70.3027	27.8605	27.8605	28.0243	28	2.9	2021-08-21 13:33::49
358	9C90AB83	17671	70.2195	49.1648	27.9853	59.9828	70.3027	27.8605	27.9437	49.3287	28	2.91	2021-08-21 13:33::50
359	9C90AB83	17672	70.2611	59.817	27.9853	59.9828	70.3027	27.8605	27.8605	28.0243	28	2.9	2021-08-21 13:33::51
360	9C90AB83	17673	70.2611	59.817	27.9853	59.9828	70.3027	27.8605	27.8605	28.0243	28	2.9	2021-08-21 13:33::52
361	9C90AB83	17674	70.2819	65.1431	27.9853	59.9828	70.3027	27.8605	27.8605	28.0243	28	2.9	2021-08-21 13:33::53
362	9C90AB83	17676	70.2819	65.1431	27.9853	59.9828	70.3027	27.8605	27.8605	28.0243	28	2.9	2021-08-21 13:33::55
363	9C90AB83	17677	70.2975	69.1376	27.9853	59.9828	70.3027	27.8605	27.8605	28.0243	28	2.9	2021-08-21 13:33::56
364	9C90AB83	17678	70.3027	27.8605	27.9437	49.3306	70.3027	27.8605	27.8605	28.0243	28	2.9	2021-08-21 13:33::57
365	9C90AB83	17679	70.3027	27.8605	27.9437	49.3306	70.3027	27.8605	27.8605	28.0243	28	2.9	2021-08-21 13:33::58
366	9C90AB83	17680	70.3027	27.8605	27.9437	49.3306	70.3027	27.8605	27.8605	28.0243	28	2.9	2021-08-21 13:33::59
367	9C90AB83	17681	70.3027	27.8605	27.9437	49.3306	70.3027	27.8605	27.8605	28.0243	28	2.9	2021-08-21 13:34::00
368	9C90AB83	17682	70.3027	27.8605	27.9437	49.3306	70.3027	27.8605	27.8605	28.0243	28	2.9	2021-08-21 13:34::01
369	9C90AB83	17683	70.3027	27.8605	27.9437	49.3306	70.3027	27.8605	27.8605	28.0243	28	2.91	2021-08-21 13:34::02
370	9C90AB83	17685	70.3027	27.8605	27.9853	59.9828	70.3027	27.8605	27.8605	28.0243	28	2.9	2021-08-21 13:34::04
371	9C90AB83	17686	70.3027	27.8605	27.9853	59.9828	70.3027	27.8605	27.8605	28.0243	28	2.9	2021-08-21 13:34::05
372	9C90AB83	17687	70.3027	27.8605	27.9853	59.9828	70.3027	27.8605	27.8605	28.0243	28	2.9	2021-08-21 13:34::06
373	9C90AB83	17688	70.3027	27.8605	27.9853	59.9828	70.3027	27.8605	27.8605	28.0243	28	2.9	2021-08-21 13:34::07
374	9C90AB83	17689	70.3027	27.8605	27.9853	59.9828	70.3027	27.8605	27.8605	28.0243	28	2.9	2021-08-21 13:34::08
375	9C90AB83	17690	70.3859	49.1648	27.9437	49.3306	70.3027	27.8605	27.8605	28.0243	28	2.9	2021-08-21 13:34::09
376	9C90AB83	17691	70.3859	49.1648	27.9437	49.3306	70.3027	27.8605	27.8605	28.0243	28	2.9	2021-08-21 13:34::10
377	9C90AB83	17692	70.3859	49.1648	27.9437	49.3306	70.3027	27.8605	27.8605	28.0243	28	2.9	2021-08-21 13:34::11
378	9C90AB83	17694	70.3859	49.1648	27.9437	49.3306	70.3027	27.8605	27.8605	28.0243	28	2.91	2021-08-21 13:34::13
379	9C90AB83	17695	70.3859	49.1648	27.8605	28.0263	70.3859	49.1648	27.8605	28.0243	28	2.9	2021-08-21 13:34::14
380	9C90AB83	17696	70.4275	59.817	27.8605	28.0263	70.3859	49.1648	27.8605	28.0243	28	2.9	2021-08-21 13:34::15
381	9C90AB83	17697	70.4275	59.817	27.8605	28.0263	70.3859	49.1648	27.8605	28.0243	28	2.9	2021-08-21 13:34::15
382	9C90AB83	17698	70.4275	59.817	27.8605	28.0263	70.3859	49.1648	27.8605	28.0243	28	2.9	2021-08-21 13:34::16
383	9C90AB83	17699	70.4483	65.1431	27.8605	28.0263	70.3859	49.1648	27.9437	49.3287	28	2.9	2021-08-21 13:34::17
384	9C90AB83	17700	70.4483	65.1431	27.8605	28.0263	70.4275	59.817	27.9437	49.3287	28	2.9	2021-08-21 13:34::18
385	9C90AB83	17701	70.4587	67.8061	27.8605	28.0263	70.4275	59.817	27.9437	49.3287	28	2.9	2021-08-21 13:34::19
386	9C90AB83	17703	70.4639	69.1376	27.8605	28.0263	70.4275	59.817	27.9437	49.3287	28	2.9	2021-08-21 13:34::21
