4189AB83	2022	0	0	0	0	0	0	0	0	27	2.97	2021-09-01 19:57::20
25	4189AB83	2023	32.0424	32.0424	32.0424	30.5403	32.0424	31.8546	32.0424	30.1648	27	2.97	2021-09-01 19:57::20
26	4189AB83	2025	31.8546	31.8546	32.2301	30.1648	32.0424	32.0424	32.0424	30.5403	27	2.97	2021-09-01 19:57::22
27	4189AB83	2026	32.6056	32.0424	32.0424	30.3526	32.2301	32.0424	32.2301	30.5403	27	2.97	2021-09-01 19:57::23
28	4189AB83	2027	32.0424	32.0424	31.6668	30.1648	32.4179	31.8546	32.2301	30.5403	27	2.97	2021-09-01 19:57::23
29	4189AB83	2028	32.0424	32.0424	31.8546	30.1648	32.4179	32.2301	32.2301	30.5403	27	2.97	2021-09-01 19:57::24
30	4189AB83	2029	32.2301	31.8546	32.0424	30.5403	32.0424	32.0424	32.2301	30.5403	27	2.97	2021-09-01 19:57::25
31	4189AB83	2030	32.0424	32.0424	32.4179	30.3526	31.8546	31.8546	32.0424	30.3526	27	2.97	2021-09-01 19:57::26
32	4189AB83	2031	32.4179	32.2301	32.2301	30.3526	32.0424	32.0424	32.2301	30.5403	27	2.97	2021-09-01 19:57::27
33	4189AB83	2032	32.0424	32.2301	32.0424	30.1648	32.0424	32.4179	32.0424	30.1648	27	2.97	2021-09-01 19:57::28
34	4189AB83	2033	32.2301	32.0424	31.8546	30.3526	32.0424	32.0424	32.0424	30.5403	27	2.96	2021-09-01 19:57::29
35	4189AB83	2034	32.4179	32.2301	32.2301	30.3526	32.4179	32.2301	31.8546	30.5403	27	2.97	2021-09-01 19:57::30
36	4189AB83	2035	31.8546	32.4179	31.8546	30.5403	32.0424	32.2301	32.0424	30.5403	27	2.97	2021-09-01 19:57::31
37	4189AB83	2036	32.2301	32.0424	31.8546	30.3526	32.4179	32.2301	32.2301	30.9158	27	2.97	2021-09-01 19:57::32
38	4189AB83	2037	32.0424	32.0424	32.0424	29.977	32.0424	32.4179	32.2301	30.7281	27	2.97	2021-09-01 19:57::32
39	4189AB83	2038	32.2301	32.0424	31.8546	29.977	32.2301	32.2301	32.4179	30.3526	27	2.96	2021-09-01 19:57::33
40	4189AB83	2039	32.2301	32.4179	32.0424	30.3526	32.4179	32.2301	32.0424	30.5403	27	2.96	2021-09-01 19:57::34
41	4189AB83	2041	32.2301	32.0424	32.2301	30.3526	32.2301	32.0424	32.4179	30.3526	27	2.96	2021-09-01 19:57::36
42	4189AB83	2042	32.4179	32.0424	32.0424	30.5403	32.0424	31.8546	31.8546	30.5403	27	2.97	2021-09-01 19:57::37
43	4189AB83	2043	32.0424	32.0424	32.2301	30.1648	32.4179	32.2301	32.2301	30.3526	27	2.97	2021-09-01 19:57::38
44	4189AB83	2044	32.2301	32.0424	32.2301	30.5403	31.8546	32.0424	31.6668	30.7281	27	2.97	2021-09-01 19:57::39
45	4189AB83	2045	31.8546	32.2301	32.2301	30.1648	31.8546	32.4179	32.2301	30.3526	27	2.97	2021-09-01 19:57::40
46	4189AB83	2047	32.0424	31.8546	31.8546	30.3526	31.8546	32.2301	32.4179	30.7281	27	2.96	2021-09-01 19:57::41
47	4189AB83	2048	32.0424	32.2301	32.2301	30.3526	32.0424	32.2301	31.6668	30.1648	27	2.96	2021-09-01 19:57::42
48	4189AB83	2049	32.0424	32.0424	32.0424	30.5403	32.0424	32.0424	32.0424	30.3526	27	2.97	2021-09-01 19:57::43
49	4189AB83	2050	32.2301	32.2301	32.0424	30.3526	32.2301	32.0424	32.0424	30.3526	27	2.96	2021-09-01 19:57::44
50	4189AB83	2051	32.0424	32.0424	32.2301	30.1648	32.0424	32.0424	32.0424	30.3526	27	2.96	2021-09-01 19:57::45
51	4189AB83	2053	32.6056	32.2301	32.2301	30.1648	32.2301	32.0424	32.0424	30.5403	27	2.97	2021-09-01 19:57::47
52	4189AB83	2054	32.4179	32.0424	32.4179	30.3526	32.0424	31.8546	32.0424	30.3526	27	2.97	2021-09-01 19:57::48
53	4189AB83	2055	32.2301	31.8546	32.2301	30.5403	32.2301	32.0424	32.0424	30.3526	27	2.97	2021-09-01 19:57::49
54	4189AB83	2056	32.2301	32.2301	32.0424	30.7281	32.2301	32.2301	32.6056	30.5403	27	2.96	2021-09-01 19:57::50
55	4189AB83	2057	32.4179	32.2301	32.0424	30.3526	31.8546	32.6056	32.0424	30.1648	27	2.96	2021-09-01 19:57::50
56	4189AB83	2058	32.0424	32.0424	31.8546	30.7281	32.0424	32.2301	32.0424	30.5403	27	2.97	2021-09-01 19:57::51
57	4189AB83	2059	32.0424	32.2301	31.8546	30.3526	32.2301	32.0424	32.2301	30.3526	27	2.97	2021-09-01 19:57::52
58	4189AB83	2060	31.8546	32.2301	32.2301	30.5403	32.2301	32.0424	32.2301	30.3526	27	2.97	2021-09-01 19:57::53
59	4189AB83	2062	32.4179	32.0424	31.8546	30.3526	32.2301	32.2301	32.0424	30.3526	27	2.96	2021-09-01 19:57::55
60	4189AB83	2063	32.4179	31.6668	32.4179	30.5403	32.0424	32.0424	32.2301	30.3526	27	2.97	2021-09-01 19:57::56
61	4189AB83	2064	31.8546	32.4179	32.0424	30.1648	32.0424	32.2301	31.8546	30.5403	27	2.97	2021-09-01 19:57::57
62	4189AB83	2065	32.0424	32.0424	32.2301	30.5403	32.0424	32.0424	32.0424	30.3526	27	2.96	2021-09-01 19:57::58
63	4189AB83	2066	31.8546	32.0424	32.0424	30.3526	32.0424	32.0424	32.2301	30.1648	27	2.96	2021-09-01 19:57::59
64	4189AB83	2068	31.8546	32.0424	32.2301	30.3526	32.0424	32.4179	31.8546	30.5403	27	2.96	2021-09-01 19:58::00
65	4189AB83	2069	32.2301	32.0424	32.0424	30.7281	32.0424	32.0424	32.2301	30.3526	27	2.96	2021-09-01 19:58::01
66	4189AB83	2070	32.4179	32.2301	32.0424	30.7281	31.6668	32.2301	32.2301	30.1648	27	2.96	2021-09-01 19:58::02
67	4189AB83	2071	32.2301	32.2301	32.2301	30.3526	32.0424	32.4179	32.2301	30.5403	27	2.96	2021-09-01 19:58::03
68	4189AB83	2072	32.2301	32.2301	31.8546	30.5403	31.8546	32.2301	32.0424	30.7281	27	2.97	2021-09-01 19:58::04
69	4189AB83	2073	32.0424	32.0424	32.2301	30.3526	31.8546	32.0424	32.0424	30.3526	27	2.96	2021-09-01 19:58::05
70	4189AB83	2074	32.4179	32.0424	32.0424	30.1648	32.2301	32.0424	32.4179	30.7281	27	2.97	2021-09-01 19:58::06
71	4189AB83	2075	32.0424	32.2301	32.0424	30.3526	32.2301	32.4179	31.8546	30.5403	27	2.96	2021-09-01 19:58::07
72	4189AB83	2076	32.0424	32.2301	31.8546	29.977	32.2301	32.0424	32.0424	30.5403	27	2.97	2021-09-01 19:58::08
73	4189AB83	2077	32.2301	32.2301	32.0424	30.5403	32.4179	32.2301	32.2301	30.3526	27	2.97	2021-09-01 19:58::08
74	4189AB83	2078	32.2301	32.2301	31.8546	30.5403	32.2301	32.2301	31.8546	30.3526	27	2.97	2021-09-01 19:58::09
75	4189AB83	2079	32.0424	31.8546	32.4179	30.5403	32.0424	32.2301	32.0424	30.3526	27	2.97	2021-09-01 19:58::10
76	4189AB83	2080	32.0424	32.0424	32.0424	30.3526	32.0424	32.4179	32.4179	30.3526	27	2.96	2021-09-01 19:58::11
77	4189AB83	2081	32.0424	32.0424	32.2301	30.3526	32.2301	32.2301	32.0424	30.5403	27	2.96	2021-09-01 19:58::12
78	4189AB83	2083	32.2301	31.8546	32.0424	30.7281	32.0424	32.0424	32.2301	30.3526	27	2.96	2021-09-01 19:58::14
79	4189AB83	2084	32.2301	32.2301	31.6668	30.1648	31.8546	32.2301	32.0424	30.3526	27	2.96	2021-09-01 19:58::15
80	4189AB83	2085	32.2301	32.0424	32.2301	30.5403	32.2301	32.0424	32.2301	30.3526	27	2.96	2021-09-01 19:58::16
81	4189AB83	2086	32.0424	32.0424	31.6668	30.5403	32.0424	32.4179	32.2301	30.5403	27	2.96	2021-09-01 19:58::17
82	4189AB83	2087	31.8546	32.0424	31.8546	30.3526	31.8546	32.0424	32.4179	30.3526	27	2.96	2021-09-01 19:58::17
83	4189AB83	2088	32.0424	31.8546	32.0424	30.5403	32.2301	32.0424	32.2301	30.1648	27	2.96	2021-09-01 19:58::18
84	4189AB83	2089	32.2301	32.2301	31.8546	30.3526	32.2301	32.2301	32.4179	30.5403	27	2.96	2021-09-01 19:58::19
85	4189AB83	2090	31.6668	32.2301	32.0424	30.1648	32.2301	32.2301	32.4179	30.1648	27	2.96	2021-09-01 19:58::20
86	4189AB83	2092	32.2301	31.8546	32.0424	30.1648	32.0424	32.2301	31.8546	30.3526	27	2.97	2021-09-01 19:58::22
87	4189AB83	2093	31.8546	32.0424	31.8546	30.3526	32.0424	32.0424	32.0424	30.5403	27	2.96	2021-09-01 19:58::23
88	4189AB83	2094	32.2301	32.2301	31.6668	30.3526	32.0424	31.4791	32.4179	30.3526	27	2.96	2021-09-01 19:58::24
89	4189AB83	2095	32.2301	32.0424	32.4179	30.5403	32.4179	32.0424	32.0424	30.3526	27	2.97	2021-09-01 19:58::25
90	4189AB83	2096	32.2301	32.2301	32.0424	30.3526	32.2301	32.0424	32.4179	30.5403	27	2.96	2021-09-01 19:58::26
91	4189AB83	2098	32.2301	31.8546	32.0424	30.5403	31.8546	32.2301	32.0424	30.1648	27	2.96	2021-09-01 19:58::27
92	4189AB83	2099	31.8546	32.0424	32.2301	30.1648	32.2301	32.0424	32.4179	30.7281	27	2.96	2021-09-01 19:58::28
93	4189AB83	2100	32.0424	32.2301	32.0424	30.1648	32.2301	32.2301	32.2301	30.3526	27	2.96	2021-09-01 19:58::29
94	4189AB83	2101	32.0424	32.2301	32.2301	30.5403	32.2301	32.2301	32.2301	30.3526	27	2.96	2021-09-01 19:58::30
95	4189AB83	2102	32.2301	32.0424	32.2301	30.7281	32.0424	32.0424	32.0424	30.1648	27	2.96	2021-09-01 19:58::31
96	4189AB83	2104	32.2301	31.8546	32.2301	30.3526	32.0424	31.8546	31.8546	30.3526	27	2.96	2021-09-01 19:58::33
97	4189AB83	2105	32.2301	32.0424	31.8546	30.3526	32.2301	32.2301	31.8546	30.3526	27	2.96	2021-09-01 19:58::34
98	4189AB83	2107	32.2301	32.4179	32.2301	30.1648	32.4179	32.4179	31.8546	30.7281	27	2.96	2021-09-01 19:58::35
99	4189AB83	2108	32.0424	32.2301	31.8546	30.3526	32.0424	32.0424	32.6056	30.5403	27	2.96	2021-09-01 19:58::36
100	4189AB83	2109	32.0424	32.2301	31.8546	30.5403	31.6668	32.4179	32.0424	30.5403	27	2.97	2021-09-01 19:58::37
0.11
101	4189AB83	2110	32.0424	31.6668	32.2301	30.3526	32.2301	31.8546	31.8546	30.5403	27	2.96	2021-09-01 19:58::38
102	4189AB83	2111	32.2301	31.8546	32.2301	30.7281	32.4179	31.8546	31.8546	30.5403	27	2.96	2021-09-01 19:58::39
103	4189AB83	2113	32.2301	32.0424	32.2301	29.977	32.0424	32.0424	32.2301	30.5403	27	2.96	2021-09-01 19:58::41
104	4189AB83	2114	32.0424	32.2301	31.8546	30.3526	31.8546	32.0424	31.8546	30.5403	27	2.96	2021-09-01 19:58::42
105	4189AB83	2116	32.2301	32.0424	31.8546	30.7281	32.0424	32.0424	31.8546	30.1648	27	2.96	2021-09-01 19:58::44
106	4189AB83	2117	32.0424	32.0424	31.8546	30.3526	32.2301	32.2301	32.0424	30.3526	27	2.96	2021-09-01 19:58::44
107	4189AB83	2119	32.2301	31.8546	32.0424	30.3526	32.2301	32.0424	32.0424	30.3526	27	2.96	2021-09-01 19:58::46
108	4189AB83	2120	32.0424	32.0424	31.8546	31.1036	32.0424	32.0424	32.2301	30.5403	27	2.96	2021-09-01 19:58::47
109	4189AB83	2121	32.2301	32.2301	32.0424	30.3526	32.2301	32.0424	32.0424	30.5403	27	2.97	2021-09-01 19:58::48
110	4189AB83	2122	32.4179	31.8546	32.0424	30.3526	32.0424	31.8546	32.0424	30.9158	27	2.97	2021-09-01 19:58::49
111	4189AB83	2123	32.0424	31.8546	32.0424	30.3526	31.2913	32.4179	32.2301	30.3526	27	2.96	2021-09-01 19:58::50
112	4189AB83	2124	32.0424	32.0424	32.0424	30.5403	32.0424	31.8546	32.0424	30.1648	27	2.96	2021-09-01 19:58::51
113	4189AB83	2125	32.6056	32.0424	32.0424	30.3526	32.2301	32.0424	32.2301	30.5403	27	2.96	2021-09-01 19:58::52
114	4189AB83	2126	32.0424	32.0424	31.8546	30.1648	32.4179	32.2301	32.2301	30.5403	27	2.96	2021-09-01 19:58::53
115	4189AB83	2127	32.0424	32.0424	32.4179	30.3526	31.8546	31.8546	32.0424	30.3526	27	2.96	2021-09-01 19:58::53
116	4189AB83	2128	32.0424	32.2301	32.0424	30.1648	32.0424	32.4179	32.0424	30.1648	27	2.97	2021-09-01 19:58::54
117	4189AB83	2129	32.4179	32.2301	32.2301	30.3526	32.4179	32.2301	31.8546	30.5403	27	2.97	2021-09-01 19:58::55
118	4189AB83	2130	32.2301	32.0424	31.8546	30.3526	32.4179	32.2301	32.2301	30.9158	27	2.96	2021-09-01 19:58::56
119	4189AB83	2131	32.2301	32.0424	31.8546	29.977	32.2301	32.2301	32.4179	30.3526	27	2.96	2021-09-01 19:58::57
120	4189AB83	2132	32.2301	32.0424	32.2301	30.3526	32.2301	32.0424	32.4179	30.3526	27	2.96	2021-09-01 19:58::58
121	4189AB83	2133	32.0424	32.0424	32.2301	30.1648	32.4179	32.2301	32.2301	30.3526	27	2.96	2021-09-01 19:58::59
122	4189AB83	2134	31.8546	32.2301	32.2301	30.1648	31.8546	32.4179	32.2301	30.3526	27	2.96	2021-09-01 19:59::00
123	4189AB83	2135	32.0424	32.2301	32.2301	30.3526	32.0424	32.2301	31.6668	30.1648	27	2.96	2021-09-01 19:59::01
124	4189AB83	2136	32.2301	32.2301	32.0424	30.3526	32.2301	32.0424	32.0424	30.3526	27	2.96	2021-09-01 19:59::01
125	4189AB83	2137	32.6056	32.2301	32.2301	30.1648	32.2301	32.0424	32.0424	30.5403	27	2.96	2021-09-01 19:59::02
126	4189AB83	2139	32.2301	31.8546	32.2301	30.5403	32.2301	32.0424	32.0424	30.3526	27	2.96	2021-09-01 19:59::04
127	4189AB83	2140	32.4179	32.2301	32.0424	30.3526	31.8546	32.6056	32.0424	30.1648	27	2.96	2021-09-01 19:59::05
128	4189AB83	2142	32.0424	32.2301	31.8546	30.3526	32.2301	32.0424	32.2301	30.3526	27	2.96	2021-09-01 19:59::07
129	4189AB83	2143	32.4179	32.0424	31.8546	30.3526	32.2301	32.2301	32.0424	30.3526	27	2.96	2021-09-01 19:59::08
130	4189AB83	2145	31.8546	32.4179	32.0424	30.1648	32.0424	32.2301	31.8546	30.5403	27	2.97	2021-09-01 19:59::10
131	4189AB83	2146	31.8546	32.0424	32.0424	30.3526	32.0424	32.0424	32.2301	30.1648	27	2.97	2021-09-01 19:59::10
132	4189AB83	2148	32.2301	32.0424	32.0424	30.7281	32.0424	32.0424	32.2301	30.3526	27	2.96	2021-09-01 19:59::12
133	4189AB83	2149	32.2301	32.2301	32.2301	30.3526	32.0424	32.4179	32.2301	30.5403	27	2.96	2021-09-01 19:59::13
134	4189AB83	2150	32.0424	32.0424	32.2301	30.3526	31.8546	32.0424	32.0424	30.3526	27	2.96	2021-09-01 19:59::14
135	4189AB83	2151	32.0424	32.2301	32.0424	30.3526	32.2301	32.4179	31.8546	30.5403	27	2.96	2021-09-01 19:59::15
136	4189AB83	2152	32.2301	32.2301	32.0424	30.5403	32.4179	32.2301	32.2301	30.3526	27	2.96	2021-09-01 19:59::16
137	4189AB83	2153	32.0424	31.8546	32.4179	30.5403	32.0424	32.2301	32.0424	30.3526	27	2.96	2021-09-01 19:59::17
138	4189AB83	2155	32.0424	32.0424	32.2301	30.3526	32.2301	32.2301	32.0424	30.5403	27	2.96	2021-09-01 19:59::19
139	4189AB83	2156	32.2301	32.2301	31.6668	30.1648	31.8546	32.2301	32.0424	30.3526	27	2.96	2021-09-01 19:59::19
140	4189AB83	2158	32.0424	32.0424	31.6668	30.5403	32.0424	32.4179	32.2301	30.5403	27	2.96	2021-09-01 19:59::21
141	4189AB83	2159	32.0424	31.8546	32.0424	30.5403	32.2301	32.0424	32.2301	30.1648	27	2.96	2021-09-01 19:59::22
142	4189AB83	2161	31.6668	32.2301	32.0424	30.1648	32.2301	32.2301	32.4179	30.1648	27	2.96	2021-09-01 19:59::24
143	4189AB83	2162	31.8546	32.0424	31.8546	30.3526	32.0424	32.0424	32.0424	30.5403	27	2.96	2021-09-01 19:59::25
144	4189AB83	2163	32.2301	32.0424	32.4179	30.5403	32.4179	32.0424	32.0424	30.3526	27	2.96	2021-09-01 19:59::26
145	4189AB83	2164	32.2301	31.8546	32.0424	30.5403	31.8546	32.2301	32.0424	30.1648	27	2.96	2021-09-01 19:59::27
146	4189AB83	2165	32.0424	32.2301	32.0424	30.1648	32.2301	32.2301	32.2301	30.3526	27	2.96	2021-09-01 19:59::28
147	4189AB83	2166	32.2301	32.0424	32.2301	30.7281	32.0424	32.0424	32.0424	30.1648	27	2.96	2021-09-01 19:59::28
148	4189AB83	2167	32.2301	32.0424	31.8546	30.3526	32.2301	32.2301	31.8546	30.3526	27	2.96	2021-09-01 19:59::29
149	4189AB83	2168	32.0424	32.2301	31.8546	30.3526	32.0424	32.0424	32.6056	30.5403	27	2.96	2021-09-01 19:59::30
150	4189AB83	2169	32.0424	31.8546	32.2301	30.5403	32.0424	32.6056	32.2301	30.5403	27	2.96	2021-09-01 19:59::31
151	4189AB83	2170	32.0424	32.4179	32.2301	30.5403	32.2301	32.4179	32.2301	30.3526	27	2.96	2021-09-01 19:59::32
152	4189AB83	2171	32.2301	32.0424	32.0424	30.1648	32.0424	32.2301	32.4179	30.3526	27	2.96	2021-09-01 19:59::33
153	4189AB83	2172	31.8546	32.0424	31.8546	30.3526	32.4179	32.0424	32.2301	30.3526	27	2.96	2021-09-01 19:59::34
154	4189AB83	2173	31.8546	32.2301	32.0424	30.3526	32.4179	32.2301	32.2301	30.3526	27	2.96	2021-09-01 19:59::35
155	4189AB83	2174	32.0424	32.2301	32.0424	30.5403	32.2301	32.0424	32.2301	30.7281	27	2.96	2021-09-01 19:59::36
156	4189AB83	2175	32.4179	32.4179	32.0424	30.5403	32.2301	32.2301	32.2301	30.5403	27	2.96	2021-09-01 19:59::37
157	4189AB83	2176	32.0424	31.6668	32.0424	30.3526	31.8546	32.2301	32.0424	30.7281	27	2.96	2021-09-01 19:59::37
158	4189AB83	2177	32.0424	32.0424	32.0424	30.7281	32.2301	32.2301	32.0424	30.7281	27	2.96	2021-09-01 19:59::38
159	4189AB83	2178	32.2301	32.0424	32.2301	30.1648	32.2301	32.2301	31.8546	30.5403	27	2.96	2021-09-01 19:59::39
160	4189AB83	2179	32.2301	32.4179	32.0424	30.3526	31.8546	32.0424	31.8546	30.7281	27	2.96	2021-09-01 19:59::40
161	4189AB83	2180	32.4179	32.2301	31.8546	30.3526	31.8546	32.2301	32.0424	30.3526	27	2.96	2021-09-01 19:59::41
162	4189AB83	2181	32.0424	32.0424	32.2301	30.7281	32.2301	32.0424	32.6056	30.5403	27	2.96	2021-09-01 19:59::42
163	4189AB83	2182	32.2301	32.2301	32.2301	30.5403	31.8546	32.4179	32.0424	30.3526	27	2.96	2021-09-01 19:59::43
164	4189AB83	2183	32.0424	32.0424	32.4179	30.5403	32.2301	32.6056	32.0424	30.5403	27	2.96	2021-09-01 19:59::44
165	4189AB83	2184	31.8546	32.0424	32.0424	30.5403	31.8546	31.6668	31.6668	30.1648	27	2.96	2021-09-01 19:59::45
166	4189AB83	2186	32.2301	32.2301	31.8546	30.5403	31.8546	32.0424	32.0424	30.3526	27	2.96	2021-09-01 19:59::46
167	4189AB83	2187	32.4179	32.0424	32.0424	30.5403	32.0424	32.0424	32.0424	30.5403	27	2.96	2021-09-01 19:59::47
168	4189AB83	2189	32.2301	32.0424	32.0424	30.5403	32.2301	32.0424	31.8546	30.5403	27	2.96	2021-09-01 19:59::49
169	4189AB83	2190	32.0424	32.0424	32.2301	30.5403	32.2301	31.6668	32.0424	30.3526	27	2.96	2021-09-01 19:59::50
170	4189AB83	2191	32.2301	32.0424	32.0424	30.5403	32.2301	32.0424	32.0424	30.5403	27	2.96	2021-09-01 19:59::51
171	4189AB83	2192	32.4179	32.0424	32.0424	30.7281	32.0424	32.4179	32.2301	30.5403	27	2.96	2021-09-01 19:59::52
172	4189AB83	2193	31.8546	32.0424	32.2301	30.5403	32.2301	32.0424	32.0424	30.5403	27	2.96	2021-09-01 19:59::53
173	4189AB83	2194	32.2301	32.2301	32.0424	29.977	32.2301	32.0424	32.2301	30.7281	27	2.96	2021-09-01 19:59::54
174	4189AB83	2195	32.4179	32.2301	32.0424	30.5403	31.8546	32.0424	32.2301	30.3526	27	2.96	2021-09-01 19:59::55
175	4189AB83	2196	32.0424	32.2301	31.8546	30.5403	31.6668	31.8546	32.2301	29.977	27	2.96	2021-09-01 19:59::55
176	4189AB83	2197	31.8546	32.0424	32.2301	30.3526	32.0424	32.2301	32.0424	30.3526	27	2.96	2021-09-01 19:59::56
177	4189AB83	2198	32.2301	31.8546	32.0424	30.5403	32.0424	32.0424	31.8546	30.7281	27	2.96	2021-09-01 19:59::57
178	4189AB83	2199	32.0424	32.0424	32.2301	30.3526	32.2301	32.4179	32.2301	30.3526	27	2.96	2021-09-01 19:59::58
179	4189AB83	2200	32.0424	32.2301	32.0424	30.3526	32.2301	32.0424	32.0424	30.3526	27	2.96	2021-09-01 19:59::59
180	4189AB83	2201	31.8546	32.0424	32.0424	30.3526	31.8546	32.0424	32.2301	30.5403	27	2.96	2021-09-01 20:00::00
181	4189AB83	2202	31.8546	31.6668	32.0424	30.3526	31.8546	32.2301	32.2301	30.5403	27	2.96	2021-09-01 20:00::01
182	4189AB83	2203	31.6668	31.8546	32.2301	30.7281	32.0424	32.0424	32.2301	30.3526	27	2.96	2021-09-01 20:00::02
183	4189AB83	2204	32.2301	32.0424	32.0424	30.5403	32.2301	31.8546	32.2301	30.3526	27	2.96	2021-09-01 20:00::03
184	4189AB83	2205	32.0424	32.0424	32.2301	30.5403	32.0424	32.2301	32.0424	30.5403	27	2.96	2021-09-01 20:00::04
185	4189AB83	2206	32.2301	32.0424	32.0424	30.5403	32.4179	32.0424	32.0424	30.3526	27	2.96	2021-09-01 20:00::04
186	4189AB83	2207	32.2301	32.0424	32.0424	30.3526	32.0424	32.0424	32.0424	30.5403	27	2.96	2021-09-01 20:00::05
187	4189AB83	2208	31.8546	32.2301	32.2301	30.1648	32.0424	32.0424	32.0424	30.7281	27	2.96	2021-09-01 20:00::06
188	4189AB83	2209	32.4179	31.8546	32.0424	30.1648	31.8546	32.0424	32.0424	30.3526	27	2.96	2021-09-01 20:00::07
189	4189AB83	2210	31.8546	32.0424	32.2301	30.5403	32.4179	31.8546	31.6668	30.5403	27	2.96	2021-09-01 20:00::08
190	4189AB83	2211	31.8546	31.8546	31.8546	30.5403	32.0424	32.4179	32.0424	30.1648	27	2.96	2021-09-01 20:00::09
191	4189AB83	2213	32.0424	32.2301	32.2301	30.1648	32.4179	32.2301	32.2301	30.3526	27	2.96	2021-09-01 20:00::11
192	4189AB83	2214	32.2301	32.2301	32.0424	30.5403	32.2301	32.2301	31.8546	29.977	27	2.96	2021-09-01 20:00::12
193	4189AB83	2215	31.8546	32.0424	32.0424	30.1648	32.0424	32.0424	32.4179	30.3526	27	2.96	2021-09-01 20:00::13
194	4189AB83	2216	32.4179	31.8546	32.0424	30.3526	32.0424	32.0424	32.4179	30.5403	27	2.96	2021-09-01 20:00::13
195	4189AB83	2217	32.0424	32.0424	32.2301	30.1648	32.4179	32.0424	32.0424	30.5403	27	2.96	2021-09-01 20:00::14
196	4189AB83	2218	31.8546	32.0424	32.0424	30.3526	31.8546	31.8546	32.4179	30.1648	27	2.96	2021-09-01 20:00::15
197	4189AB83	2219	31.8546	32.2301	32.0424	30.3526	32.0424	32.0424	32.0424	30.1648	27	2.96	2021-09-01 20:00::16
198	4189AB83	2220	32.0424	32.2301	31.6668	30.5403	31.8546	32.0424	32.4179	30.5403	27	2.96	2021-09-01 20:00::17
199	4189AB83	2221	32.0424	32.0424	31.6668	30.3526	32.0424	32.2301	31.8546	30.3526	27	2.96	2021-09-01 20:00::18
200	4189AB83	2222	32.0424	31.8546	32.2301	30.5403	32.0424	32.6056	32.2301	30.5403	27	2.96	2021-09-01 20:00::19
0.13
201	4189AB83	2223	32.0424	32.4179	32.2301	30.5403	32.2301	32.4179	32.2301	30.3526	27	2.96	2021-09-01 20:00::20
202	4189AB83	2224	32.2301	32.0424	32.0424	30.1648	32.0424	32.2301	32.4179	30.3526	27	2.96	2021-09-01 20:00::21
203	4189AB83	2225	31.8546	32.0424	31.8546	30.3526	32.4179	32.0424	32.2301	30.3526	27	2.96	2021-09-01 20:00::22
204	4189AB83	2227	31.8546	32.2301	32.0424	30.3526	32.4179	32.2301	32.2301	30.3526	27	2.97	2021-09-01 20:00::23
205	4189AB83	2228	32.0424	32.2301	32.0424	30.5403	32.2301	32.0424	32.2301	30.7281	27	2.96	2021-09-01 20:00::24
206	4189AB83	2229	32.4179	32.4179	32.0424	30.5403	32.2301	32.2301	32.2301	30.5403	27	2.96	2021-09-01 20:00::25
207	4189AB83	2230	32.0424	31.6668	32.0424	30.3526	31.8546	32.2301	32.0424	30.7281	27	2.96	2021-09-01 20:00::26
208	4189AB83	2231	32.0424	32.0424	32.0424	30.7281	32.2301	32.2301	32.0424	30.7281	27	2.96	2021-09-01 20:00::27
209	4189AB83	2232	32.2301	32.0424	32.2301	30.1648	32.2301	32.2301	31.8546	30.5403	27	2.96	2021-09-01 20:00::28
210	4189AB83	2233	32.2301	32.4179	32.0424	30.3526	31.8546	32.0424	31.8546	30.7281	27	2.96	2021-09-01 20:00::29
211	4189AB83	2234	32.4179	32.2301	31.8546	30.3526	31.8546	32.2301	32.0424	30.3526	27	2.96	2021-09-01 20:00::30
212	4189AB83	2235	32.0424	32.0424	32.2301	30.7281	32.2301	32.0424	32.6056	30.5403	27	2.96	2021-09-01 20:00::31
213	4189AB83	2236	32.2301	32.2301	32.2301	30.5403	31.8546	32.4179	32.0424	30.3526	27	2.96	2021-09-01 20:00::31
214	4189AB83	2237	32.0424	32.0424	32.4179	30.5403	32.2301	32.6056	32.0424	30.5403	27	2.96	2021-09-01 20:00::32
215	4189AB83	2238	31.8546	32.0424	32.0424	30.5403	31.8546	31.6668	31.6668	30.1648	27	2.96	2021-09-01 20:00::33
216	4189AB83	2239	32.2301	32.2301	31.8546	30.5403	31.8546	32.0424	32.0424	30.3526	27	2.96	2021-09-01 20:00::34
217	4189AB83	2241	32.4179	32.0424	32.0424	30.5403	32.0424	32.0424	32.0424	30.5403	27	2.96	2021-09-01 20:00::36
218	4189AB83	2242	32.2301	32.0424	32.0424	30.5403	32.2301	32.0424	31.8546	30.5403	27	2.96	2021-09-01 20:00::37
219	4189AB83	2243	32.0424	32.0424	32.2301	30.5403	32.2301	31.6668	32.0424	30.3526	27	2.96	2021-09-01 20:00::38
220	4189AB83	2244	32.2301	32.0424	32.0424	30.5403	32.2301	32.0424	32.0424	30.5403	27	2.96	2021-09-01 20:00::39
221	4189AB83	2245	32.4179	32.0424	32.0424	30.7281	32.0424	32.4179	32.2301	30.5403	27	2.96	2021-09-01 20:00::40
222	4189AB83	2246	31.8546	32.0424	32.2301	30.5403	32.2301	32.0424	32.0424	30.5403	27	2.96	2021-09-01 20:00::40
223	4189AB83	2247	32.2301	32.2301	32.0424	29.977	32.2301	32.0424	32.2301	30.7281	27	2.96	2021-09-01 20:00::41
224	4189AB83	2248	32.4179	32.2301	32.0424	30.5403	31.8546	32.0424	32.2301	30.3526	27	2.96	2021-09-01 20:00::42
225	4189AB83	2249	32.0424	32.2301	31.8546	30.5403	31.6668	31.8546	32.2301	29.977	27	2.96	2021-09-01 20:00::43
226	4189AB83	2250	31.8546	32.0424	32.2301	30.3526	32.0424	32.2301	32.0424	30.3526	27	2.96	2021-09-01 20:00::44
227	4189AB83	2252	32.2301	31.8546	32.0424	30.5403	32.0424	32.0424	31.8546	30.7281	27	2.96	2021-09-01 20:00::46
228	4189AB83	2253	32.0424	32.0424	32.2301	30.3526	32.2301	32.4179	32.2301	30.3526	27	2.96	2021-09-01 20:00::47
229	4189AB83	2254	32.0424	32.2301	32.0424	30.3526	32.2301	32.0424	32.0424	30.3526	27	2.96	2021-09-01 20:00::48
230	4189AB83	2255	31.8546	32.0424	32.0424	30.3526	31.8546	32.0424	32.2301	30.5403	27	2.96	2021-09-01 20:00::48
231	4189AB83	2256	31.8546	31.6668	32.0424	30.3526	31.8546	32.2301	32.2301	30.5403	27	2.96	2021-09-01 20:00::49
232	4189AB83	2257	31.6668	31.8546	32.2301	30.7281	32.0424	32.0424	32.2301	30.3526	27	2.96	2021-09-01 20:00::50
233	4189AB83	2258	32.2301	32.0424	32.0424	30.5403	32.2301	31.8546	32.2301	30.3526	27	2.96	2021-09-01 20:00::51
234	4189AB83	2259	32.0424	32.0424	32.2301	30.5403	32.0424	32.2301	32.0424	30.5403	27	2.96	2021-09-01 20:00::52
235	4189AB83	2260	32.2301	32.0424	32.0424	30.5403	32.4179	32.0424	32.0424	30.3526	27	2.96	2021-09-01 20:00::53
236	4189AB83	2262	32.2301	32.0424	32.0424	30.3526	32.0424	32.0424	32.0424	30.5403	27	2.96	2021-09-01 20:00::55
237	4189AB83	2263	31.8546	32.2301	32.2301	30.1648	32.0424	32.0424	32.0424	30.7281	27	2.96	2021-09-01 20:00::56
238	4189AB83	2265	32.4179	31.8546	32.0424	30.1648	31.8546	32.0424	32.0424	30.3526	27	2.96	2021-09-01 20:00::57
239	4189AB83	2266	31.8546	32.0424	32.2301	30.5403	32.4179	31.8546	31.6668	30.5403	27	2.96	2021-09-01 20:00::58
240	4189AB83	2267	31.8546	31.8546	31.8546	30.5403	32.0424	32.4179	32.0424	30.1648	27	2.96	2021-09-01 20:00::59
241	4189AB83	2268	32.0424	32.2301	32.2301	30.1648	32.4179	32.2301	32.2301	30.3526	27	2.96	2021-09-01 20:01::00
242	4189AB83	2269	32.2301	32.2301	32.0424	30.5403	32.2301	32.2301	31.8546	29.977	27	2.96	2021-09-01 20:01::01
243	4189AB83	2270	31.8546	32.0424	32.0424	30.1648	32.0424	32.0424	32.4179	30.3526	27	2.96	2021-09-01 20:01::02
244	4189AB83	2272	32.4179	31.8546	32.0424	30.3526	32.0424	32.0424	32.4179	30.5403	27	2.96	2021-09-01 20:01::04
245	4189AB83	2273	32.0424	32.0424	32.2301	30.1648	32.4179	32.0424	32.0424	30.5403	27	2.96	2021-09-01 20:01::05
246	4189AB83	2275	31.8546	32.0424	32.0424	30.3526	31.8546	31.8546	32.4179	30.1648	27	2.96	2021-09-01 20:01::06
247	4189AB83	2276	31.8546	32.2301	32.0424	30.3526	32.0424	32.0424	32.0424	30.1648	27	2.96	2021-09-01 20:01::07
248	4189AB83	2278	32.0424	32.2301	31.6668	30.5403	31.8546	32.0424	32.4179	30.5403	27	2.96	2021-09-01 20:01::09
249	4189AB83	2279	32.0424	32.0424	31.6668	30.3526	32.0424	32.2301	31.8546	30.3526	27	2.96	2021-09-01 20:01::10
250	4189AB83	2281	31.8546	32.0424	31.8546	30.1648	32.2301	32.0424	32.0424	30.3526	27	2.96	2021-09-01 20:01::12
251	4189AB83	2282	32.2301	31.8546	32.2301	30.1648	32.2301	32.0424	31.6668	30.1648	27	2.96	2021-09-01 20:01::13
252	4189AB83	2284	31.8546	31.8546	31.6668	30.3526	32.2301	31.6668	32.0424	30.3526	27	2.96	2021-09-01 20:01::15
253	4189AB83	2285	32.2301	32.2301	32.0424	30.5403	32.4179	31.8546	31.6668	30.1648	27	2.96	2021-09-01 20:01::15
254	4189AB83	2286	32.0424	31.6668	31.6668	30.3526	32.2301	32.2301	31.8546	30.3526	27	2.96	2021-09-01 20:01::16
255	4189AB83	2287	32.0424	32.6056	32.0424	30.5403	31.8546	32.0424	32.0424	30.1648	27	2.96	2021-09-01 20:01::17
256	4189AB83	2288	31.8546	32.0424	31.8546	30.3526	32.0424	32.0424	32.2301	30.3526	27	2.96	2021-09-01 20:01::18
257	4189AB83	2289	32.2301	32.0424	32.2301	30.3526	32.0424	32.0424	32.0424	30.3526	27	2.96	2021-09-01 20:01::19
258	4189AB83	2290	32.0424	32.2301	31.6668	30.3526	32.0424	32.0424	32.0424	30.3526	27	2.96	2021-09-01 20:01::20
259	4189AB83	2291	32.0424	32.0424	32.0424	30.3526	32.0424	31.8546	31.8546	29.977	27	2.96	2021-09-01 20:01::21
260	4189AB83	2292	32.0424	32.0424	31.8546	30.3526	32.0424	32.2301	32.2301	30.5403	27	2.96	2021-09-01 20:01::22
261	4189AB83	2293	32.0424	32.0424	32.0424	30.5403	32.0424	32.0424	32.4179	29.977	27	2.96	2021-09-01 20:01::23
262	4189AB83	2294	31.8546	32.0424	31.8546	30.1648	32.2301	32.0424	32.0424	30.3526	27	2.96	2021-09-01 20:01::24
263	4189AB83	2295	32.2301	32.2301	32.0424	30.5403	32.0424	31.8546	32.0424	30.3526	27	2.96	2021-09-01 20:01::24
264	4189AB83	2296	32.0424	32.0424	32.2301	30.1648	32.0424	32.0424	32.4179	30.3526	27	2.96	2021-09-01 20:01::25
265	4189AB83	2298	32.2301	32.2301	31.8546	30.1648	32.2301	31.8546	32.2301	30.5403	27	2.96	2021-09-01 20:01::27
266	4189AB83	2299	32.2301	32.0424	32.0424	30.1648	31.8546	31.8546	32.0424	30.3526	27	2.96	2021-09-01 20:01::28
267	4189AB83	2300	32.2301	31.8546	32.0424	30.1648	32.4179	31.8546	31.8546	30.1648	27	2.96	2021-09-01 20:01::29
268	4189AB83	2301	32.0424	32.0424	32.0424	30.1648	32.0424	31.6668	32.0424	30.3526	27	2.96	2021-09-01 20:01::30
269	4189AB83	2302	32.2301	31.8546	31.8546	30.3526	32.2301	32.0424	32.2301	30.1648	27	2.96	2021-09-01 20:01::31
270	4189AB83	2303	32.4179	31.8546	32.0424	30.3526	31.8546	32.2301	32.0424	30.3526	27	2.96	2021-09-01 20:01::32
271	4189AB83	2304	32.0424	31.8546	32.0424	30.1648	32.4179	32.0424	32.0424	30.3526	27	2.96	2021-09-01 20:01::33
272	4189AB83	2305	31.8546	31.8546	32.0424	30.3526	32.0424	32.0424	32.0424	30.1648	27	2.96	2021-09-01 20:01::33
273	4189AB83	2306	32.0424	31.8546	31.8546	30.1648	31.6668	32.0424	32.2301	29.977	27	2.96	2021-09-01 20:01::34
274	4189AB83	2307	32.2301	32.0424	32.2301	30.5403	32.0424	31.8546	32.2301	30.3526	27	2.96	2021-09-01 20:01::35
275	4189AB83	2308	32.2301	32.2301	31.8546	30.3526	32.0424	31.6668	32.2301	30.5403	27	2.96	2021-09-01 20:01::36
276	4189AB83	2309	32.0424	32.0424	31.6668	30.3526	32.0424	32.2301	32.2301	30.5403	27	2.96	2021-09-01 20:01::37
277	4189AB83	2310	32.2301	32.2301	32.0424	30.5403	31.8546	32.2301	32.0424	30.5403	27	2.96	2021-09-01 20:01::38
278	4189AB83	2311	32.0424	32.2301	31.8546	30.1648	31.8546	32.0424	32.0424	30.3526	27	2.96	2021-09-01 20:01::39
279	4189AB83	2312	32.0424	32.2301	31.8546	30.1648	32.2301	31.8546	32.2301	30.5403	27	2.96	2021-09-01 20:01::40
280	4189AB83	2313	31.8546	32.0424	31.8546	30.5403	31.8546	32.0424	32.0424	30.3526	27	2.96	2021-09-01 20:01::41
281	4189AB83	2314	32.0424	32.0424	32.0424	30.7281	31.8546	31.8546	32.2301	30.5403	27	2.96	2021-09-01 20:01::42
282	4189AB83	2315	32.0424	31.8546	32.0424	30.3526	31.6668	32.0424	32.0424	30.3526	27	2.96	2021-09-01 20:01::42
283	4189AB83	2316	32.6056	31.8546	31.8546	30.5403	32.0424	31.6668	32.0424	30.3526	27	2.96	2021-09-01 20:01::43
284	4189AB83	2317	31.8546	32.0424	32.0424	30.3526	32.0424	31.8546	32.6056	30.5403	27	2.96	2021-09-01 20:01::44
285	4189AB83	2318	32.0424	31.6668	31.8546	30.5403	32.2301	31.8546	32.0424	30.3526	27	2.96	2021-09-01 20:01::45
286	4189AB83	2319	32.2301	32.0424	32.0424	30.7281	31.8546	32.0424	32.0424	30.5403	27	2.96	2021-09-01 20:01::46
287	4189AB83	2320	31.8546	32.0424	31.6668	30.1648	32.0424	32.0424	32.0424	30.5403	27	2.96	2021-09-01 20:01::47
288	4189AB83	2321	32.0424	32.0424	32.0424	30.5403	31.6668	32.0424	32.0424	30.7281	27	2.96	2021-09-01 20:01::48
289	4189AB83	2322	31.8546	32.2301	32.0424	30.5403	32.0424	31.8546	32.2301	30.3526	27	2.96	2021-09-01 20:01::49
290	4189AB83	2323	32.2301	31.8546	31.6668	30.3526	32.2301	31.6668	32.2301	30.1648	27	2.96	2021-09-01 20:01::50
291	4189AB83	2324	31.8546	31.8546	32.0424	30.5403	32.0424	32.0424	31.8546	30.5403	27	2.96	2021-09-01 20:01::51
292	4189AB83	2325	32.0424	31.8546	32.0424	30.3526	31.8546	32.0424	32.0424	30.5403	27	2.96	2021-09-01 20:01::51
293	4189AB83	2326	32.2301	32.0424	32.0424	30.5403	31.8546	32.0424	32.0424	30.7281	27	2.96	2021-09-01 20:01::52
294	4189AB83	2327	31.8546	32.0424	32.0424	30.5403	32.0424	32.2301	32.0424	30.5403	27	2.96	2021-09-01 20:01::53
295	4189AB83	2328	31.8546	32.0424	31.8546	30.3526	32.0424	32.2301	31.8546	30.1648	27	2.96	2021-09-01 20:01::54
296	4189AB83	2329	32.2301	32.0424	31.8546	30.1648	32.0424	32.4179	32.0424	30.5403	27	2.96	2021-09-01 20:01::55
297	4189AB83	2331	31.8546	32.0424	31.6668	30.3526	32.0424	32.2301	32.2301	30.3526	27	2.96	2021-09-01 20:01::57
298	4189AB83	2332	31.8546	32.2301	32.0424	30.3526	31.8546	32.4179	31.6668	30.7281	27	2.96	2021-09-01 20:01::58
299	4189AB83	2333	32.0424	32.2301	32.0424	30.7281	32.0424	31.4791	32.0424	30.1648	27	2.96	2021-09-01 20:01::59
300	4189AB83	2334	31.8546	32.0424	31.8546	30.1648	32.2301	32.0424	32.0424	30.3526	27	2.96	2021-09-01 20:02::00
0.12
301	4189AB83	2335	32.2301	31.8546	32.2301	30.1648	32.2301	32.0424	31.6668	30.1648	27	2.96	2021-09-01 20:02::00
302	4189AB83	2336	31.8546	31.8546	31.6668	30.3526	32.2301	31.6668	32.0424	30.3526	27	2.96	2021-09-01 20:02::01
303	4189AB83	2337	32.2301	32.2301	32.0424	30.5403	32.4179	31.8546	31.6668	30.1648	27	2.96	2021-09-01 20:02::02
304	4189AB83	2338	32.0424	31.6668	31.6668	30.3526	32.2301	32.2301	31.8546	30.3526	27	2.96	2021-09-01 20:02::03
305	4189AB83	2339	32.0424	32.6056	32.0424	30.5403	31.8546	32.0424	32.0424	30.1648	27	2.96	2021-09-01 20:02::04
306	4189AB83	2340	31.8546	32.0424	31.8546	30.3526	32.0424	32.0424	32.2301	30.3526	27	2.96	2021-09-01 20:02::05
307	4189AB83	2341	32.2301	32.0424	32.2301	30.3526	32.0424	32.0424	32.0424	30.3526	27	2.96	2021-09-01 20:02::06
308	4189AB83	2342	32.0424	32.2301	31.6668	30.3526	32.0424	32.0424	32.0424	30.3526	27	2.96	2021-09-01 20:02::07
309	4189AB83	2343	32.0424	32.0424	32.0424	30.3526	32.0424	31.8546	31.8546	29.977	27	2.96	2021-09-01 20:02::08
310	4189AB83	2344	32.0424	32.0424	31.8546	30.3526	32.0424	32.2301	32.2301	30.5403	27	2.96	2021-09-01 20:02::09
311	4189AB83	2345	32.0424	32.0424	32.0424	30.5403	32.0424	32.0424	32.4179	29.977	27	2.96	2021-09-01 20:02::09
312	4189AB83	2346	31.8546	32.0424	31.8546	30.1648	32.2301	32.0424	32.0424	30.3526	27	2.96	2021-09-01 20:02::10
313	4189AB83	2347	32.2301	32.2301	32.0424	30.5403	32.0424	31.8546	32.0424	30.3526	27	2.96	2021-09-01 20:02::11
314	4189AB83	2348	32.0424	32.0424	32.2301	30.1648	32.0424	32.0424	32.4179	30.3526	27	2.96	2021-09-01 20:02::12
315	4189AB83	2349	32.2301	32.2301	31.8546	30.1648	32.2301	31.8546	32.2301	30.5403	27	2.96	2021-09-01 20:02::13
316	4189AB83	2350	32.2301	32.0424	32.0424	30.1648	31.8546	31.8546	32.0424	30.3526	27	2.96	2021-09-01 20:02::14
317	4189AB83	2351	32.2301	31.8546	32.0424	30.1648	32.4179	31.8546	31.8546	30.1648	27	2.96	2021-09-01 20:02::15
318	4189AB83	2352	32.0424	32.0424	32.0424	30.1648	32.0424	31.6668	32.0424	30.3526	27	2.96	2021-09-01 20:02::16
319	4189AB83	2353	32.2301	31.8546	31.8546	30.3526	32.2301	32.0424	32.2301	30.1648	27	2.96	2021-09-01 20:02::17
320	4189AB83	2354	32.4179	31.8546	32.0424	30.3526	31.8546	32.2301	32.0424	30.3526	27	2.96	2021-09-01 20:02::17
321	4189AB83	2355	32.0424	31.8546	32.0424	30.1648	32.4179	32.0424	32.0424	30.3526	27	2.96	2021-09-01 20:02::18
322	4189AB83	2356	31.8546	31.8546	32.0424	30.3526	32.0424	32.0424	32.0424	30.1648	27	2.96	2021-09-01 20:02::19
323	4189AB83	2357	32.0424	31.8546	31.8546	30.1648	31.6668	32.0424	32.2301	29.977	27	2.96	2021-09-01 20:02::20
324	4189AB83	2358	32.2301	32.0424	32.2301	30.5403	32.0424	31.8546	32.2301	30.3526	27	2.96	2021-09-01 20:02::21
325	4189AB83	2359	32.2301	32.2301	31.8546	30.3526	32.0424	31.6668	32.2301	30.5403	27	2.96	2021-09-01 20:02::22
326	4189AB83	2361	32.0424	32.0424	31.6668	30.3526	32.0424	32.2301	32.2301	30.5403	27	2.96	2021-09-01 20:02::24
327	4189AB83	2362	32.2301	32.2301	32.0424	30.5403	31.8546	32.2301	32.0424	30.5403	27	2.96	2021-09-01 20:02::25
328	4189AB83	2363	32.0424	32.2301	31.8546	30.1648	31.8546	32.0424	32.0424	30.3526	27	2.96	2021-09-01 20:02::26
329	4189AB83	2364	32.0424	32.2301	31.8546	30.1648	32.2301	31.8546	32.2301	30.5403	27	2.96	2021-09-01 20:02::26
330	4189AB83	2365	31.8546	32.0424	31.8546	30.5403	31.8546	32.0424	32.0424	30.3526	27	2.96	2021-09-01 20:02::27
331	4189AB83	2366	32.0424	32.0424	32.0424	30.7281	31.8546	31.8546	32.2301	30.5403	27	2.96	2021-09-01 20:02::28
332	4189AB83	2367	32.0424	31.8546	32.0424	30.3526	31.6668	32.0424	32.0424	30.3526	27	2.96	2021-09-01 20:02::29
333	4189AB83	2368	32.6056	31.8546	31.8546	30.5403	32.0424	31.6668	32.0424	30.3526	27	2.96	2021-09-01 20:02::30
334	4189AB83	2369	31.8546	32.0424	32.0424	30.3526	32.0424	31.8546	32.6056	30.5403	27	2.96	2021-09-01 20:02::31
335	4189AB83	2370	32.0424	31.6668	31.8546	30.5403	32.2301	31.8546	32.0424	30.3526	27	2.96	2021-09-01 20:02::32
336	4189AB83	2371	32.2301	32.0424	32.0424	30.7281	31.8546	32.0424	32.0424	30.5403	27	2.96	2021-09-01 20:02::33
337	4189AB83	2372	31.8546	32.0424	31.6668	30.1648	32.0424	32.0424	32.0424	30.5403	27	2.96	2021-09-01 20:02::34
338	4189AB83	2373	32.0424	32.0424	32.0424	30.5403	31.6668	32.0424	32.0424	30.7281	27	2.96	2021-09-01 20:02::35
339	4189AB83	2374	31.8546	32.2301	32.0424	30.5403	32.0424	31.8546	32.2301	30.3526	27	2.96	2021-09-01 20:02::35
340	4189AB83	2375	32.2301	31.8546	31.6668	30.3526	32.2301	31.6668	32.2301	30.1648	27	2.96	2021-09-01 20:02::36
341	4189AB83	2376	31.8546	31.8546	32.0424	30.5403	32.0424	32.0424	31.8546	30.5403	27	2.96	2021-09-01 20:02::37
342	4189AB83	2377	32.0424	31.8546	32.0424	30.3526	31.8546	32.0424	32.0424	30.5403	27	2.96	2021-09-01 20:02::38
343	4189AB83	2378	32.2301	32.0424	32.0424	30.5403	31.8546	32.0424	32.0424	30.7281	27	2.96	2021-09-01 20:02::39
344	4189AB83	2379	31.8546	32.0424	32.0424	30.5403	32.0424	32.2301	32.0424	30.5403	27	2.96	2021-09-01 20:02::40
345	4189AB83	2380	31.8546	32.0424	31.8546	30.3526	32.0424	32.2301	31.8546	30.1648	27	2.96	2021-09-01 20:02::41
346	4189AB83	2381	32.2301	32.0424	31.8546	30.1648	32.0424	32.4179	32.0424	30.5403	27	2.96	2021-09-01 20:02::42
347	4189AB83	2382	31.8546	32.0424	31.6668	30.3526	32.0424	32.2301	32.2301	30.3526	27	2.96	2021-09-01 20:02::43
348	4189AB83	2383	31.8546	32.2301	32.0424	30.3526	31.8546	32.4179	31.6668	30.7281	27	2.96	2021-09-01 20:02::44
349	4189AB83	2384	32.0424	32.2301	32.0424	30.7281	32.0424	31.4791	32.0424	30.1648	27	2.96	2021-09-01 20:02::44
350	4189AB83	2385	32.4179	31.8546	32.0424	30.3526	31.8546	31.8546	31.8546	30.1648	27	2.96	2021-09-01 20:02::45
351	4189AB83	2386	31.8546	31.8546	32.0424	29.977	31.4791	31.8546	31.8546	30.5403	27	2.96	2021-09-01 20:02::46
352	4189AB83	2387	32.2301	31.8546	32.0424	30.1648	32.0424	32.0424	32.0424	30.3526	27	2.96	2021-09-01 20:02::47
353	4189AB83	2388	32.0424	31.8546	32.0424	30.3526	32.0424	32.0424	31.6668	30.5403	27	2.96	2021-09-01 20:02::48
354	4189AB83	2389	31.8546	32.0424	32.2301	30.5403	31.6668	32.0424	31.6668	30.3526	27	2.96	2021-09-01 20:02::49
355	4189AB83	2390	31.8546	31.8546	31.8546	30.5403	32.0424	31.8546	32.0424	30.3526	27	2.96	2021-09-01 20:02::50
356	4189AB83	2391	32.0424	32.2301	31.8546	30.1648	31.8546	32.2301	31.8546	30.3526	27	2.96	2021-09-01 20:02::51
357	4189AB83	2392	32.0424	32.0424	32.0424	30.3526	31.8546	31.8546	32.2301	30.5403	27	2.96	2021-09-01 20:02::52
358	4189AB83	2393	32.0424	31.8546	31.8546	30.5403	31.6668	31.8546	31.8546	30.7281	27	2.96	2021-09-01 20:02::53
359	4189AB83	2394	31.8546	31.6668	32.0424	30.3526	31.8546	31.8546	32.0424	30.3526	27	2.96	2021-09-01 20:02::53
360	4189AB83	2395	31.8546	32.0424	31.6668	30.5403	32.2301	32.2301	32.0424	30.3526	27	2.96	2021-09-01 20:02::54
361	4189AB83	2396	32.0424	32.2301	32.0424	30.1648	32.0424	31.8546	32.0424	30.1648	27	2.96	2021-09-01 20:02::55
362	4189AB83	2398	32.0424	32.0424	31.8546	30.3526	31.8546	31.6668	32.0424	30.3526	27	2.96	2021-09-01 20:02::57
363	4189AB83	2399	32.4179	32.0424	31.6668	30.5403	31.8546	31.8546	32.0424	30.7281	27	2.96	2021-09-01 20:02::58
364	4189AB83	2400	31.8546	32.0424	31.8546	30.3526	32.0424	32.0424	32.0424	30.1648	27	2.96	2021-09-01 20:02::59
365	4189AB83	2401	31.8546	31.8546	32.0424	30.5403	32.0424	32.0424	31.8546	30.3526	27	2.96	2021-09-01 20:03::00
366	4189AB83	2402	31.8546	31.8546	31.8546	30.5403	32.0424	31.6668	32.0424	30.1648	27	2.96	2021-09-01 20:03::01
367	4189AB83	2403	32.0424	31.8546	31.8546	30.5403	31.6668	31.4791	31.8546	30.3526	27	2.96	2021-09-01 20:03::02
368	4189AB83	2404	32.0424	32.0424	31.8546	30.1648	31.6668	32.0424	31.8546	30.7281	27	2.96	2021-09-01 20:03::02
369	4189AB83	2405	31.6668	31.8546	31.8546	30.3526	32.4179	32.0424	32.2301	30.7281	27	2.96	2021-09-01 20:03::03
370	4189AB83	2406	32.0424	32.0424	31.6668	30.5403	32.0424	32.0424	32.0424	30.3526	27	2.95	2021-09-01 20:03::04
371	4189AB83	2407	31.8546	32.0424	32.0424	30.1648	31.8546	32.0424	31.6668	30.1648	27	2.96	2021-09-01 20:03::05
372	4189AB83	2408	31.6668	31.8546	32.0424	29.977	31.8546	31.8546	31.6668	30.3526	27	2.96	2021-09-01 20:03::06
373	4189AB83	2410	31.8546	31.6668	32.2301	30.5403	32.0424	31.8546	32.0424	30.1648	27	2.96	2021-09-01 20:03::08
374	4189AB83	2411	31.8546	31.8546	31.8546	30.3526	31.8546	32.0424	31.8546	29.977	27	2.96	2021-09-01 20:03::09
375	4189AB83	2412	32.2301	31.8546	31.6668	30.1648	32.2301	32.0424	31.6668	30.1648	27	2.96	2021-09-01 20:03::10
376	4189AB83	2413	31.8546	32.0424	31.8546	30.5403	31.8546	32.0424	31.8546	30.3526	27	2.96	2021-09-01 20:03::11
377	4189AB83	2414	31.8546	32.0424	32.0424	30.5403	31.6668	31.8546	31.6668	30.1648	27	2.96	2021-09-01 20:03::11
378	4189AB83	2415	31.8546	32.0424	31.6668	30.3526	31.8546	31.8546	32.0424	30.5403	27	2.96	2021-09-01 20:03::12
379	4189AB83	2416	32.0424	32.0424	32.0424	30.5403	32.2301	31.8546	32.2301	30.1648	27	2.96	2021-09-01 20:03::13
380	4189AB83	2417	32.0424	32.0424	31.8546	31.1036	31.8546	32.0424	31.6668	30.3526	27	2.96	2021-09-01 20:03::14
381	4189AB83	2418	31.8546	32.0424	31.8546	30.5403	31.8546	32.2301	31.6668	30.3526	27	2.96	2021-09-01 20:03::15
382	4189AB83	2419	31.6668	32.0424	31.8546	30.5403	32.0424	31.6668	31.8546	30.3526	27	2.95	2021-09-01 20:03::16
383	4189AB83	2420	31.8546	32.0424	32.0424	30.3526	31.6668	31.8546	32.0424	29.977	27	2.96	2021-09-01 20:03::17
384	4189AB83	2421	31.8546	32.0424	32.0424	30.3526	31.6668	32.0424	31.8546	29.977	27	2.96	2021-09-01 20:03::18
385	4189AB83	2422	31.8546	31.8546	32.0424	30.5403	32.0424	32.0424	32.0424	29.977	27	2.96	2021-09-01 20:03::19
386	4189AB83	2423	31.8546	32.0424	31.4791	30.3526	31.8546	31.8546	32.0424	29.977	27	2.96	2021-09-01 20:03::19
387	4189AB83	2424	32.0424	32.2301	31.8546	30.3526	31.6668	32.0424	31.8546	30.1648	27	2.96	2021-09-01 20:03::20
388	4189AB83	2425	31.6668	31.8546	31.8546	30.1648	31.8546	32.2301	31.6668	30.3526	27	2.96	2021-09-01 20:03::21
389	4189AB83	2426	32.2301	31.6668	32.0424	30.5403	32.2301	31.6668	31.8546	30.1648	27	2.95	2021-09-01 20:03::22
390	4189AB83	2427	31.8546	31.6668	31.6668	30.3526	32.0424	31.8546	31.8546	30.1648	27	2.96	2021-09-01 20:03::23
391	4189AB83	2428	32.4179	31.6668	32.0424	30.1648	31.8546	32.2301	32.0424	29.977	27	2.96	2021-09-01 20:03::24
392	4189AB83	2429	32.0424	31.8546	31.6668	30.3526	31.8546	32.0424	31.6668	29.977	27	2.96	2021-09-01 20:03::25
393	4189AB83	2430	31.8546	31.8546	31.6668	30.3526	31.8546	31.8546	32.2301	30.1648	27	2.96	2021-09-01 20:03::26
394	4189AB83	2431	32.0424	31.8546	31.4791	30.1648	31.8546	31.8546	31.8546	30.5403	27	2.96	2021-09-01 20:03::27
395	4189AB83	2432	32.0424	31.4791	32.0424	30.3526	32.0424	31.6668	31.8546	30.1648	27	2.96	2021-09-01 20:03::28
396	4189AB83	2433	32.0424	32.0424	31.6668	30.5403	32.2301	31.6668	31.8546	30.3526	27	2.96	2021-09-01 20:03::28
397	4189AB83	2434	31.6668	31.8546	31.6668	30.3526	31.8546	31.6668	32.0424	30.1648	27	2.96	2021-09-01 20:03::29
398	4189AB83	2435	31.6668	31.6668	31.4791	30.5403	32.0424	32.0424	31.8546	29.977	27	2.95	2021-09-01 20:03::30
399	4189AB83	2436	32.2301	32.2301	32.0424	30.1648	32.0424	32.0424	32.0424	30.3526	27	2.96	2021-09-01 20:03::31
400	4189AB83	2438	32.4179	31.8546	32.0424	30.3526	31.8546	31.8546	31.8546	30.1648	27	2.96	2021-09-01 20:03::33
0.04
401	4189AB83	2439	31.8546	31.8546	32.0424	29.977	31.4791	31.8546	31.8546	30.5403	27	2.96	2021-09-01 20:03::34
402	4189AB83	2440	32.2301	31.8546	32.0424	30.1648	32.0424	32.0424	32.0424	30.3526	27	2.96	2021-09-01 20:03::35
403	4189AB83	2441	32.0424	31.8546	32.0424	30.3526	32.0424	32.0424	31.6668	30.5403	27	2.96	2021-09-01 20:03::36
404	4189AB83	2442	31.8546	32.0424	32.2301	30.5403	31.6668	32.0424	31.6668	30.3526	27	2.96	2021-09-01 20:03::37
405	4189AB83	2443	31.8546	31.8546	31.8546	30.5403	32.0424	31.8546	32.0424	30.3526	27	2.96	2021-09-01 20:03::37
406	4189AB83	2444	32.0424	32.2301	31.8546	30.1648	31.8546	32.2301	31.8546	30.3526	27	2.96	2021-09-01 20:03::38
407	4189AB83	2445	32.0424	32.0424	32.0424	30.3526	31.8546	31.8546	32.2301	30.5403	27	2.96	2021-09-01 20:03::39
408	4189AB83	2446	32.0424	31.8546	31.8546	30.5403	31.6668	31.8546	31.8546	30.7281	27	2.95	2021-09-01 20:03::40
409	4189AB83	2447	31.8546	31.6668	32.0424	30.3526	31.8546	31.8546	32.0424	30.3526	27	2.96	2021-09-01 20:03::41
410	4189AB83	2448	31.8546	32.0424	31.6668	30.5403	32.2301	32.2301	32.0424	30.3526	27	2.95	2021-09-01 20:03::42
411	4189AB83	2449	32.0424	32.2301	32.0424	30.1648	32.0424	31.8546	32.0424	30.1648	27	2.96	2021-09-01 20:03::43
412	4189AB83	2450	32.0424	32.0424	31.8546	30.3526	31.8546	31.6668	32.0424	30.3526	27	2.96	2021-09-01 20:03::44
413	4189AB83	2451	32.4179	32.0424	31.6668	30.5403	31.8546	31.8546	32.0424	30.7281	27	2.96	2021-09-01 20:03::45
414	4189AB83	2452	31.8546	32.0424	31.8546	30.3526	32.0424	32.0424	32.0424	30.1648	27	2.96	2021-09-01 20:03::46
415	4189AB83	2453	31.8546	31.8546	32.0424	30.5403	32.0424	32.0424	31.8546	30.3526	27	2.96	2021-09-01 20:03::46
416	4189AB83	2454	31.8546	31.8546	31.8546	30.5403	32.0424	31.6668	32.0424	30.1648	27	2.96	2021-09-01 20:03::47
417	4189AB83	2455	32.0424	31.8546	31.8546	30.5403	31.6668	31.4791	31.8546	30.3526	27	2.95	2021-09-01 20:03::48
418	4189AB83	2456	32.0424	32.0424	31.8546	30.1648	31.6668	32.0424	31.8546	30.7281	27	2.96	2021-09-01 20:03::49
