4189AB83	35419	0	0	0	0	0	0	0	0	27	3.27	2021-09-01 17:31::50
47	4189AB83	35420	33.9199	33.1689	33.5444	30.3526	33.9199	33.7322	33.3566	31.2913	27	3.27	2021-09-01 17:31::50
48	4189AB83	35421	33.5444	33.5444	33.5444	30.5403	33.9199	33.7322	33.5444	31.1036	27	3.27	2021-09-01 17:31::51
49	4189AB83	35422	33.5444	33.5444	33.1689	30.3526	33.3566	33.3566	33.5444	31.4791	27	3.27	2021-09-01 17:31::52
50	4189AB83	35423	33.3566	33.5444	33.3566	30.7281	32.9811	33.3566	33.7322	31.4791	27	3.28	2021-09-01 17:31::53
51	4189AB83	35424	33.7322	33.5444	33.5444	30.3526	33.1689	33.5444	33.7322	31.4791	27	3.27	2021-09-01 17:31::54
52	4189AB83	35425	33.1689	33.1689	33.1689	30.7281	33.3566	33.5444	33.5444	31.2913	27	3.27	2021-09-01 17:31::55
53	4189AB83	35426	33.5444	33.1689	33.5444	30.7281	33.5444	33.7322	33.7322	31.2913	27	3.27	2021-09-01 17:31::56
54	4189AB83	35427	33.7322	33.5444	33.3566	30.3526	33.5444	33.5444	33.5444	31.2913	27	3.27	2021-09-01 17:31::57
55	4189AB83	35428	33.5444	33.3566	33.1689	30.5403	33.5444	33.5444	33.5444	31.2913	27	1.22	2021-09-01 17:31::57
56	4189AB83	35429	-48.4556	-48.2678	-48.4556	-51.6474	-48.4556	-51.6474	-51.6474	-51.6474	-55	1.22	2021-09-01 17:31::58
57	4189AB83	35430	33.5444	33.5444	33.5444	30.5403	33.5444	33.7322	33.5444	31.2913	27	3.27	2021-09-01 17:31::59
58	AB83	35431	28.3526	28.3526	28.3526	28.3526	-1472.75	993.791	3809.75	3489.06	25	1.23	2021-09-01 17:32::00
59	4189AB83	35432	33.3566	33.5444	33.1689	30.7281	33.5444	33.5444	33.7322	31.4791	27	3.28	2021-09-01 17:32::01
60	4189AB83	35433	33.5444	33.3566	33.3566	30.3526	33.9199	33.5444	33.7322	31.2913	27	3.27	2021-09-01 17:32::02
61	4189AB83	35435	33.3566	33.5444	33.3566	30.1648	33.3566	33.5444	33.3566	31.1036	27	3.27	2021-09-01 17:32::04
62	4189AB83	35436	33.5444	33.5444	33.5444	30.5403	33.5444	33.5444	33.1689	30.9158	27	3.27	2021-09-01 17:32::05
63	4189AB83	35437	3.35665	3.35665	3.5444	0.352559	2597.57	2461.26	2221.31	2509.52	-3	1.31	2021-09-01 17:32::06
64	4189AB83	35438	33.3566	33.5444	33.7322	30.1648	33.3566	33.5444	33.1689	31.2913	27	3.27	2021-09-01 17:32::06
65	4189AB83	35439	33.5444	33.5444	33.1689	30.1648	33.5444	33.3566	33.5444	31.1036	27	3.27	2021-09-01 17:32::07
66	4189AB83	35439	33.5444	33.5444	33.1689	30.1648	33.5444	33.3566	33.5444	31.1036	27	3.27	2021-09-01 17:32::08
67	4189AB83	35440	33.7322	33.3566	33.3566	30.1648	33.9199	33.5444	33.3566	30.9158	27	3.27	2021-09-01 17:32::08
68	4189AB83	35441	33.3566	33.3566	33.5444	30.3526	33.5444	33.3566	33.5444	31.1036	27	3.27	2021-09-01 17:32::09
69	4189AB83	35442	33.3566	33.5444	33.5444	30.3526	33.5444	33.5444	33.7322	31.4791	27	3.27	2021-09-01 17:32::10
70	4189AB83	35443	33.7322	33.1689	33.5444	30.3526	33.5444	33.5444	33.7322	31.1036	27	3.27	2021-09-01 17:32::11
71	AB83	35444	28.3526	28.3526	28.3526	28.3526	881.888	1031.72	3809.75	3489.06	25	1.23	2021-09-01 17:32::12
72	4189AB83	35445	33.1689	33.5444	33.5444	30.3526	33.3566	33.5444	33.5444	31.1036	27	3.28	2021-09-01 17:32::13
73	4189AB83	35446	33.5444	33.3566	33.5444	30.3526	33.7322	33.5444	33.5444	31.4791	27	3.27	2021-09-01 17:32::14
74	4189AB83	35447	33.3566	33.7322	33.5444	30.3526	33.3566	33.7322	33.3566	31.4791	27	3.27	2021-09-01 17:32::15
75	4189AB83	35448	33.5444	33.5444	33.3566	30.5403	33.7322	33.5444	33.3566	31.4791	27	3.27	2021-09-01 17:32::15
76	4189AB83	35449	33.1689	33.5444	33.1689	30.3526	33.1689	33.5444	33.5444	31.4791	27	3.27	2021-09-01 17:32::16
77	4189AB83	35450	33.7322	33.3566	33.3566	30.1648	32.9811	33.5444	33.7322	31.4791	27	3.27	2021-09-01 17:32::17
78	4189AB83	35451	33.5444	33.1689	33.7322	30.3526	33.5444	33.3566	33.3566	31.4791	27	3.28	2021-09-01 17:32::18
79	4189AB83	35452	33.3566	33.5444	33.3566	30.5403	33.5444	33.1689	33.3566	31.4791	27	3.27	2021-09-01 17:32::19
80	4189AB83	35453	33.5444	33.7322	33.1689	30.1648	33.3566	33.3566	33.5444	31.2913	27	3.27	2021-09-01 17:32::20
81	4189AB83	35454	33.5444	33.3566	32.9811	30.5403	33.1689	33.5444	33.3566	31.1036	27	3.27	2021-09-01 17:32::21
82	4189AB83	35455	-48.4556	-48.4556	-48.8311	-51.8352	-48.4556	-48.6434	-48.4556	-51.6474	-55	1.22	2021-09-01 17:32::22
83	4189AB83	35456	33.7322	33.1689	33.7322	30.3526	33.1689	33.3566	33.5444	31.1036	27	3.28	2021-09-01 17:32::23
84	89AB83	35457	-51.6474	-51.6474	-51.6474	-51.6474	-51.6474	-51.6474	-51.6474	-51.6474	-55	1.22	2021-09-01 17:32::24
85	4189AB83	35458	33.5444	33.5444	33.3566	30.5403	33.5444	33.5444	33.3566	31.1036	27	3.27	2021-09-01 17:32::24
86	4189AB83	35459	32.9811	33.1689	33.5444	30.5403	33.5444	33.5444	33.9199	31.4791	27	3.27	2021-09-01 17:32::25
87	4189AB83	35460	33.5444	33.3566	33.3566	30.5403	33.5444	33.5444	33.3566	31.4791	27	3.27	2021-09-01 17:32::26
88	4189AB83	35461	33.9199	32.9811	33.5444	30.3526	33.3566	33.1689	33.5444	31.2913	27	3.27	2021-09-01 17:32::27
89	4189AB83	35462	33.5444	33.5444	33.3566	30.1648	33.1689	33.7322	33.3566	31.1036	27	3.27	2021-09-01 17:32::28
90	4189AB83	35463	33.5444	33.1689	33.3566	30.5403	33.1689	33.1689	33.5444	31.4791	27	3.27	2021-09-01 17:32::29
91	4189AB83	35464	33.5444	33.3566	33.1689	30.1648	33.3566	33.3566	33.3566	31.2913	27	3.27	2021-09-01 17:32::30
92	4189AB83	35465	33.1689	33.5444	33.1689	30.3526	33.1689	33.5444	33.5444	31.2913	27	3.27	2021-09-01 17:32::31
93	4189AB83	35466	33.5444	33.5444	33.3566	30.3526	33.5444	33.5444	33.5444	30.7281	27	3.27	2021-09-01 17:32::32
94	4189AB83	35467	33.5444	33.3566	33.3566	30.7281	33.5444	33.3566	33.1689	31.1036	27	3.27	2021-09-01 17:32::33
95	4189AB83	35468	32.9811	33.3566	33.3566	30.5403	33.7322	33.1689	33.5444	31.2913	27	3.27	2021-09-01 17:32::33
96	4189AB83	35469	-48.6434	-48.6434	-48.6434	-51.6474	-51.6474	-51.6474	-51.6474	-51.6474	-55	1.22	2021-09-01 17:32::34
97	4189AB83	35470	33.5444	33.3566	33.1689	30.3526	33.1689	33.5444	33.3566	30.9158	27	3.27	2021-09-01 17:32::35
98	0	35471	28.3526	28.3526	28.3526	28.3526	-704.644	990.223	3809.75	3585.19	25	1.23	2021-09-01 17:32::36
99	4189AB83	35472	33.3566	33.1689	33.3566	30.1648	33.3566	33.1689	33.5444	31.1036	27	3.27	2021-09-01 17:32::37
100	4189AB83	35473	33.5444	33.5444	33.3566	30.5403	33.7322	33.7322	33.5444	31.4791	27	3.27	2021-09-01 17:32::38
0
101	4189AB83	35474	33.5444	33.3566	33.5444	30.3526	33.5444	33.5444	33.5444	31.2913	27	3.27	2021-09-01 17:32::39
102	4189AB83	35475	33.5444	33.3566	33.5444	30.9158	33.7322	33.3566	33.3566	31.2913	27	3.27	2021-09-01 17:32::40
103	4189AB83	35476	33.3566	33.3566	33.3566	30.3526	33.7322	33.5444	33.3566	30.9158	27	3.27	2021-09-01 17:32::41
104	4189AB83	35477	33.5444	33.5444	33.5444	30.1648	33.3566	33.3566	33.5444	31.1036	27	3.27	2021-09-01 17:32::42
105	4189AB83	35478	-48.4556	-48.4556	-48.8311	-51.6474	-51.6474	-51.6474	-51.6474	-51.6474	27	3.27	2021-09-01 17:32::42
106	4189AB83	35479	-51.6474	-51.6474	-51.6474	-51.6474	-51.6474	-51.6474	-51.6474	-51.6474	27	3.27	2021-09-01 17:32::43
107	4189AB83	35480	33.3566	33.1689	33.1689	30.5403	33.3566	33.7322	33.9199	31.4791	27	3.27	2021-09-01 17:32::44
108	4189AB83	35481	33.5444	33.3566	33.5444	30.5403	33.5444	33.7322	33.3566	31.1036	27	3.27	2021-09-01 17:32::45
109	4189AB83	35482	33.9199	33.3566	33.3566	30.3526	33.3566	33.7322	33.7322	31.4791	27	1.22	2021-09-01 17:32::46
110	4189AB83	35483	33.5444	33.3566	33.3566	30.3526	33.3566	33.3566	33.5444	31.1036	-55	1.22	2021-09-01 17:32::47
111	4189AB83	35484	33.5444	33.5444	33.1689	30.1648	33.5444	33.7322	33.3566	31.2913	27	3.27	2021-09-01 17:32::48
112	0	35485	33.3566	32.9811	33.3566	30.1648	32.9811	33.5444	33.3566	31.1036	25	1.23	2021-09-01 17:32::49
113	4189AB83	35486	33.5444	32.9811	33.3566	30.3526	33.7322	33.3566	33.7322	31.1036	27	3.27	2021-09-01 17:32::50
114	4189AB83	35487	33.5444	33.5444	33.3566	30.3526	33.7322	33.7322	33.5444	30.9158	27	3.27	2021-09-01 17:32::51
115	4189AB83	35488	33.5444	33.3566	33.5444	30.3526	33.3566	33.7322	34.1077	31.1036	27	3.27	2021-09-01 17:32::51
116	4189AB83	35489	33.7322	33.5444	33.5444	30.1648	33.5444	33.1689	33.5444	31.1036	27	3.27	2021-09-01 17:32::52
117	4189AB83	35490	33.5444	33.3566	33.5444	30.3526	33.5444	33.5444	33.5444	31.1036	27	3.27	2021-09-01 17:32::53
118	4189AB83	35491	33.7322	33.3566	33.5444	30.3526	33.3566	33.7322	33.9199	31.2913	27	3.27	2021-09-01 17:32::54
119	4189AB83	35493	33.5444	33.5444	33.3566	30.3526	33.5444	33.5444	33.1689	31.2913	27	3.27	2021-09-01 17:32::56
120	4189AB83	35494	33.3566	33.1689	33.5444	30.7281	33.5444	33.7322	33.5444	30.7281	27	3.27	2021-09-01 17:32::57
121	4189AB83	35495	33.5444	33.3566	33.5444	30.5403	33.5444	33.5444	33.7322	31.4791	27	3.27	2021-09-01 17:32::58
122	4189AB83	35496	33.7322	33.5444	33.3566	30.1648	33.5444	33.7322	33.5444	31.2913	27	3.27	2021-09-01 17:32::59
123	4189AB83	35497	33.9199	33.1689	33.5444	30.3526	33.9199	33.7322	33.3566	31.2913	27	3.27	2021-09-01 17:33::00
124	4189AB83	35498	33.5444	33.5444	33.1689	30.3526	33.3566	33.3566	33.5444	31.4791	27	3.27	2021-09-01 17:33::00
125	4189AB83	35499	33.7322	33.5444	33.5444	30.3526	33.1689	33.5444	33.7322	31.4791	27	3.27	2021-09-01 17:33::01
126	4189AB83	35500	33.5444	33.1689	33.5444	30.7281	33.5444	33.7322	33.7322	31.2913	27	3.27	2021-09-01 17:33::02
127	4189AB83	35501	33.5444	33.3566	33.1689	30.5403	33.5444	33.5444	33.5444	31.2913	27	1.22	2021-09-01 17:33::03
128	4189AB83	35502	33.5444	33.5444	33.5444	30.5403	33.5444	33.7322	33.5444	31.2913	27	3.27	2021-09-01 17:33::04
129	4189AB83	35503	33.3566	33.5444	33.1689	30.7281	33.5444	33.5444	33.7322	31.4791	-55	1.22	2021-09-01 17:33::05
130	0	35328	33.3566	33.5444	33.3566	30.1648	33.3566	33.5444	33.3566	31.1036	25	1.23	2021-09-01 17:33::06
131	4189AB83	35505	3.35665	3.35665	3.5444	0.352559	2597.57	2461.26	2221.31	2509.52	27	3.27	2021-09-01 17:33::07
132	4189AB83	35506	33.5444	33.5444	33.1689	30.1648	33.5444	33.3566	33.5444	31.1036	27	3.27	2021-09-01 17:33::08
133	4189AB83	35507	33.7322	33.3566	33.3566	30.1648	33.9199	33.5444	33.3566	30.9158	27	3.27	2021-09-01 17:33::08
134	4189AB83	35508	33.3566	33.5444	33.5444	30.3526	33.5444	33.5444	33.7322	31.4791	27	3.27	2021-09-01 17:33::09
135	4189AB83	35509	28.3526	28.3526	28.3526	28.3526	881.888	1031.72	3809.75	3489.06	27	3.27	2021-09-01 17:33::10
136	4189AB83	35510	33.5444	33.3566	33.5444	30.3526	33.7322	33.5444	33.5444	31.4791	27	3.27	2021-09-01 17:33::11
137	4189AB83	35511	33.5444	33.5444	33.3566	30.5403	33.7322	33.5444	33.3566	31.4791	27	3.27	2021-09-01 17:33::12
138	4189AB83	35513	33.7322	33.3566	33.3566	30.1648	32.9811	33.5444	33.7322	31.4791	27	3.27	2021-09-01 17:33::14
139	4189AB83	35514	33.3566	33.5444	33.3566	30.5403	33.5444	33.1689	33.3566	31.4791	27	3.27	2021-09-01 17:33::15
140	4189AB83	35515	33.5444	33.3566	32.9811	30.5403	33.1689	33.5444	33.3566	31.1036	27	3.27	2021-09-01 17:33::16
141	4189AB83	35516	33.7322	33.1689	33.7322	30.3526	33.1689	33.3566	33.5444	31.1036	27	3.27	2021-09-01 17:33::17
142	4189AB83	35517	33.5444	33.5444	33.3566	30.5403	33.5444	33.5444	33.3566	31.1036	27	3.27	2021-09-01 17:33::17
143	4189AB83	35518	33.5444	33.3566	33.3566	30.5403	33.5444	33.5444	33.3566	31.4791	27	3.27	2021-09-01 17:33::18
144	4189AB83	35519	33.5444	33.5444	33.3566	30.1648	33.1689	33.7322	33.3566	31.1036	27	3.27	2021-09-01 17:33::19
145	4189AB83	35520	33.5444	33.3566	33.1689	30.1648	33.3566	33.3566	33.3566	31.2913	27	3.27	2021-09-01 17:33::20
146	4189AB83	35521	33.5444	33.5444	33.3566	30.3526	33.5444	33.5444	33.5444	30.7281	27	3.27	2021-09-01 17:33::21
147	4189AB83	35522	32.9811	33.3566	33.3566	30.5403	33.7322	33.1689	33.5444	31.2913	-55	1.22	2021-09-01 17:33::22
148	4189AB83	35523	33.5444	33.3566	33.1689	30.3526	33.1689	33.5444	33.3566	30.9158	27	3.27	2021-09-01 17:33::23
149	4189AB83	35524	33.3566	33.1689	33.3566	30.1648	33.3566	33.1689	33.5444	31.1036	27	3.27	2021-09-01 17:33::24
150	0	35525	33.5444	33.1689	33.5444	30.3526	33.3566	33.5444	33.3566	30.7281	25	1.23	2021-09-01 17:33::25
151	4189AB83	35526	33.3566	33.1689	33.3566	30.3526	33.5444	33.3566	33.3566	30.9158	27	3.27	2021-09-01 17:33::26
152	4189AB83	35527	33.1689	32.9811	33.5444	29.977	33.5444	33.5444	33.5444	30.9158	27	3.27	2021-09-01 17:33::26
153	4189AB83	35528	33.1689	33.1689	33.1689	30.3526	33.1689	33.3566	33.5444	30.9158	27	3.27	2021-09-01 17:33::27
154	4189AB83	35529	33.5444	33.1689	33.3566	30.3526	33.5444	33.3566	33.5444	30.7281	27	3.27	2021-09-01 17:33::28
155	4189AB83	35530	33.3566	33.1689	33.7322	30.3526	33.3566	33.5444	33.5444	30.9158	27	3.27	2021-09-01 17:33::29
156	4189AB83	35531	33.1689	33.3566	33.1689	30.5403	32.9811	33.1689	33.3566	30.9158	27	3.27	2021-09-01 17:33::30
157	4189AB83	35532	33.3566	32.9811	33.3566	30.5403	33.3566	33.7322	33.1689	30.9158	27	3.28	2021-09-01 17:33::31
158	4189AB83	35533	32.9811	33.3566	33.3566	30.3526	33.7322	33.1689	33.3566	30.7281	27	3.27	2021-09-01 17:33::32
159	4189AB83	35534	33.3566	33.7322	33.5444	30.3526	33.1689	33.3566	33.3566	31.1036	27	3.27	2021-09-01 17:33::33
160	4189AB83	35535	33.5444	33.1689	33.1689	30.3526	32.9811	33.3566	33.1689	31.2913	27	3.27	2021-09-01 17:33::34
161	4189AB83	35536	33.3566	33.3566	33.1689	30.5403	33.1689	33.3566	33.5444	31.1036	27	3.27	2021-09-01 17:33::35
162	4189AB83	35537	33.7322	33.1689	33.1689	30.3526	33.1689	33.1689	33.3566	30.9158	27	1.22	2021-09-01 17:33::35
163	4189AB83	35538	33.5444	33.5444	32.9811	30.5403	33.3566	33.3566	33.3566	31.2913	27	3.27	2021-09-01 17:33::36
164	4189AB83	35539	-48.4556	-51.6474	-51.6474	-51.6474	-51.6474	-51.6474	-51.6474	-51.6474	-55	1.22	2021-09-01 17:33::37
165	89AB83	35540	33.5444	33.3566	33.5444	30.5403	33.3566	33.5444	33.7322	30.9158	-55	1.22	2021-09-01 17:33::38
166	4189AB83	35541	33.5444	33.1689	33.1689	30.7281	33.5444	33.3566	33.1689	31.1036	27	3.27	2021-09-01 17:33::39
167	4189AB83	35542	33.5444	33.3566	33.3566	30.5403	33.5444	33.1689	33.3566	31.4791	27	3.27	2021-09-01 17:33::40
168	4189AB83	35543	33.3566	33.1689	32.9811	30.5403	33.1689	33.3566	33.3566	31.1036	27	3.27	2021-09-01 17:33::41
169	4189AB83	35544	33.3566	33.3566	32.7934	30.5403	33.9199	33.5444	33.3566	31.2913	27	3.27	2021-09-01 17:33::42
170	4189AB83	35545	33.5444	33.1689	33.1689	30.5403	32.9811	33.1689	33.3566	31.2913	27	3.27	2021-09-01 17:33::43
171	4189AB83	35546	33.1689	33.5444	33.5444	30.7281	32.9811	33.1689	33.3566	31.2913	27	3.27	2021-09-01 17:33::44
172	4189AB83	35547	32.9811	33.3566	33.3566	30.3526	33.5444	33.3566	33.3566	31.1036	27	3.27	2021-09-01 17:33::44
173	4189AB83	35548	-48.4556	-48.4556	-48.8311	-51.6474	-48.4556	-49.0189	-48.4556	-51.6474	27	3.27	2021-09-01 17:33::45
174	4189AB83	35549	32.9811	32.9811	33.1689	30.5403	33.5444	33.1689	33.3566	30.7281	27	3.27	2021-09-01 17:33::46
175	4189AB83	35550	33.1689	32.9811	33.3566	30.3526	32.9811	33.3566	33.3566	31.1036	27	3.27	2021-09-01 17:33::47
176	4189AB83	35551	33.5444	33.5444	33.1689	30.3526	33.5444	33.3566	32.9811	30.7281	27	3.27	2021-09-01 17:33::48
177	4189AB83	35552	33.5444	33.3566	33.3566	30.1648	33.3566	33.3566	33.5444	30.7281	-55	1.22	2021-09-01 17:33::49
178	4189AB83	35553	33.3566	33.1689	33.3566	30.3526	33.5444	33.3566	33.5444	30.7281	27	3.27	2021-09-01 17:33::50
179	4189AB83	35554	33.1689	33.1689	33.3566	30.3526	33.3566	33.3566	33.7322	30.9158	-55	1.22	2021-09-01 17:33::51
180	4189AB83	35555	33.1689	33.5444	32.9811	30.5403	33.1689	33.1689	33.5444	30.7281	27	3.27	2021-09-01 17:33::52
181	4189AB83	35556	33.5444	33.3566	33.1689	30.5403	33.1689	33.1689	33.1689	30.9158	27	3.27	2021-09-01 17:33::53
182	4189AB83	35557	-51.6474	-51.6474	-51.6474	-51.6474	-51.6474	-51.6474	-51.6474	-51.6474	27	3.27	2021-09-01 17:33::53
183	4189AB83	35558	33.5444	33.1689	33.1689	30.5403	33.3566	32.9811	33.3566	30.9158	27	3.27	2021-09-01 17:33::54
184	4189AB83	35559	33.1689	33.3566	32.9811	30.3526	32.9811	33.3566	33.1689	31.1036	27	3.27	2021-09-01 17:33::55
185	4189AB83	35560	32.9811	33.1689	32.7934	30.1648	32.9811	33.3566	33.3566	30.9158	27	3.27	2021-09-01 17:33::56
186	4189AB83	35560	32.9811	33.3566	33.3566	30.5403	33.3566	33.3566	33.1689	31.1036	27	3.27	2021-09-01 17:33::56
187	83	35561	33.1689	33.1689	32.9811	30.5403	33.3566	32.7934	33.3566	30.9158	25	1.23	2021-09-01 17:33::57
188	4189AB83	35562	-49.0189	-48.8311	-48.6434	-51.4597	-48.8311	-48.6434	-48.8311	-51.2719	27	3.27	2021-09-01 17:33::58
189	4189AB83	35563	-48.4556	-49.0189	-51.6474	-51.6474	-51.6474	-51.6474	-51.6474	-51.6474	27	3.27	2021-09-01 17:33::59
190	4189AB83	35564	33.1689	33.1689	32.9811	30.7281	32.9811	32.9811	33.3566	30.9158	27	3.27	2021-09-01 17:34::00
191	4189AB83	35565	33.1689	32.9811	33.3566	30.3526	33.1689	32.9811	33.5444	30.7281	27	3.27	2021-09-01 17:34::01
192	4189AB83	35566	33.3566	33.1689	32.7934	30.7281	33.1689	33.5444	33.5444	30.9158	27	3.27	2021-09-01 17:34::02
193	4189AB83	35567	28.3526	28.3526	28.3526	28.3526	-558.758	991.35	3809.75	3633.26	27	3.27	2021-09-01 17:34::02
194	4189AB83	35568	32.7934	32.9811	33.1689	30.3526	33.1689	32.7934	33.1689	30.7281	27	3.27	2021-09-01 17:34::03
195	4189AB83	35569	33.1689	33.3566	33.1689	30.5403	33.3566	33.1689	33.3566	30.7281	27	3.27	2021-09-01 17:34::04
196	4189AB83	35570	33.3566	33.1689	33.3566	30.5403	32.7934	33.1689	33.1689	30.7281	27	3.27	2021-09-01 17:34::05
197	4189AB83	35571	32.9811	32.9811	33.1689	30.1648	33.1689	32.9811	33.1689	30.9158	27	3.27	2021-09-01 17:34::06
198	4189AB83	35572	33.3566	32.9811	33.3566	30.3526	32.9811	33.5444	32.9811	30.7281	27	3.27	2021-09-01 17:34::07
199	4189AB83	35573	33.1689	33.3566	33.1689	30.9158	32.9811	33.3566	33.1689	30.9158	27	3.28	2021-09-01 17:34::08
200	4189AB83	35574	33.5444	33.1689	33.5444	30.3526	33.3566	33.5444	33.3566	30.7281	27	3.27	2021-09-01 17:34::09
0.01
201	4189AB83	35576	33.3566	33.1689	33.3566	30.3526	33.5444	33.3566	33.3566	30.9158	27	3.27	2021-09-01 17:34::10
202	4189AB83	35577	33.1689	32.9811	33.5444	29.977	33.5444	33.5444	33.5444	30.9158	27	3.27	2021-09-01 17:34::11
203	4189AB83	35578	33.1689	33.1689	33.1689	30.3526	33.1689	33.3566	33.5444	30.9158	27	3.27	2021-09-01 17:34::12
204	4189AB83	35579	33.5444	33.1689	33.3566	30.3526	33.5444	33.3566	33.5444	30.7281	27	3.27	2021-09-01 17:34::13
205	4189AB83	35580	33.3566	33.1689	33.7322	30.3526	33.3566	33.5444	33.5444	30.9158	27	3.27	2021-09-01 17:34::14
206	4189AB83	35581	33.1689	33.3566	33.1689	30.5403	32.9811	33.1689	33.3566	30.9158	27	3.27	2021-09-01 17:34::15
207	4189AB83	35582	33.3566	32.9811	33.3566	30.5403	33.3566	33.7322	33.1689	30.9158	27	3.27	2021-09-01 17:34::16
208	4189AB83	35583	32.9811	33.3566	33.3566	30.3526	33.7322	33.1689	33.3566	30.7281	27	3.27	2021-09-01 17:34::17
209	4189AB83	35584	33.3566	33.7322	33.5444	30.3526	33.1689	33.3566	33.3566	31.1036	27	3.27	2021-09-01 17:34::18
210	4189AB83	35585	33.5444	33.1689	33.1689	30.3526	32.9811	33.3566	33.1689	31.2913	-55	1.22	2021-09-01 17:34::19
211	4189AB83	35586	33.3566	33.3566	33.1689	30.5403	33.1689	33.3566	33.5444	31.1036	27	3.27	2021-09-01 17:34::19
212	4189AB83	35587	33.7322	33.1689	33.1689	30.3526	33.1689	33.1689	33.3566	30.9158	27	3.27	2021-09-01 17:34::20
213	4189AB83	35589	33.5444	33.5444	32.9811	30.5403	33.3566	33.3566	33.3566	31.2913	27	3.27	2021-09-01 17:34::22
214	4189AB83	35590	-48.4556	-51.6474	-51.6474	-51.6474	-51.6474	-51.6474	-51.6474	-51.6474	27	3.27	2021-09-01 17:34::23
215	4189AB83	35591	33.5444	33.3566	33.5444	30.5403	33.3566	33.5444	33.7322	30.9158	27	3.27	2021-09-01 17:34::24
216	4189AB83	35592	33.5444	33.1689	33.1689	30.7281	33.5444	33.3566	33.1689	31.1036	27	3.27	2021-09-01 17:34::25
217	4189AB83	35593	33.5444	33.3566	33.3566	30.5403	33.5444	33.1689	33.3566	31.4791	27	3.27	2021-09-01 17:34::26
218	4189AB83	35594	33.3566	33.1689	32.9811	30.5403	33.1689	33.3566	33.3566	31.1036	27	3.27	2021-09-01 17:34::27
219	4189AB83	35596	33.3566	33.3566	32.7934	30.5403	33.9199	33.5444	33.3566	31.2913	27	3.27	2021-09-01 17:34::28
220	4189AB83	35597	33.5444	33.1689	33.1689	30.5403	32.9811	33.1689	33.3566	31.2913	27	3.27	2021-09-01 17:34::29
221	4189AB83	35598	33.1689	33.5444	33.5444	30.7281	32.9811	33.1689	33.3566	31.2913	27	3.27	2021-09-01 17:34::30
222	4189AB83	35599	32.9811	33.3566	33.3566	30.3526	33.5444	33.3566	33.3566	31.1036	27	3.27	2021-09-01 17:34::31
223	4189AB83	35600	-48.4556	-48.4556	-48.8311	-51.6474	-48.4556	-49.0189	-48.4556	-51.6474	27	3.27	2021-09-01 17:34::32
224	4189AB83	35601	32.9811	32.9811	33.1689	30.5403	33.5444	33.1689	33.3566	30.7281	27	3.27	2021-09-01 17:34::33
225	4189AB83	35602	33.1689	32.9811	33.3566	30.3526	32.9811	33.3566	33.3566	31.1036	27	3.27	2021-09-01 17:34::34
226	4189AB83	35603	33.5444	33.5444	33.1689	30.3526	33.5444	33.3566	32.9811	30.7281	27	3.27	2021-09-01 17:34::35
227	4189AB83	35604	33.5444	33.3566	33.3566	30.1648	33.3566	33.3566	33.5444	30.7281	27	3.27	2021-09-01 17:34::36
228	4189AB83	35605	33.3566	33.1689	33.3566	30.3526	33.5444	33.3566	33.5444	30.7281	27	3.27	2021-09-01 17:34::37
229	4189AB83	35606	33.1689	33.1689	33.3566	30.3526	33.3566	33.3566	33.7322	30.9158	27	3.27	2021-09-01 17:34::37
230	4189AB83	35607	33.1689	33.5444	32.9811	30.5403	33.1689	33.1689	33.5444	30.7281	-55	1.22	2021-09-01 17:34::38
231	4189AB83	35608	33.5444	33.3566	33.1689	30.5403	33.1689	33.1689	33.1689	30.9158	27	3.27	2021-09-01 17:34::39
232	4189AB83	35609	-51.6474	-51.6474	-51.6474	-51.6474	-51.6474	-51.6474	-51.6474	-51.6474	-55	1.22	2021-09-01 17:34::40
233	4189AB83	35610	33.5444	33.1689	33.1689	30.5403	33.3566	32.9811	33.3566	30.9158	27	3.27	2021-09-01 17:34::41
234	4189AB83	35611	33.1689	33.3566	32.9811	30.3526	32.9811	33.3566	33.1689	31.1036	27	3.27	2021-09-01 17:34::42
235	4189AB83	35612	32.9811	33.1689	32.7934	30.1648	32.9811	33.3566	33.3566	30.9158	27	3.27	2021-09-01 17:34::43
236	4189AB83	35612	32.9811	33.3566	33.3566	30.5403	33.3566	33.3566	33.1689	31.1036	27	3.27	2021-09-01 17:34::43
237	4189AB83	35613	33.1689	33.1689	32.9811	30.5403	33.3566	32.7934	33.3566	30.9158	27	1.22	2021-09-01 17:34::44
238	4189AB83	35615	-49.0189	-48.8311	-48.6434	-51.4597	-48.8311	-48.6434	-48.8311	-51.2719	27	3.27	2021-09-01 17:34::46
239	4189AB83	35616	-48.4556	-49.0189	-51.6474	-51.6474	-51.6474	-51.6474	-51.6474	-51.6474	27	3.27	2021-09-01 17:34::46
240	4189AB83	35617	33.1689	33.1689	32.9811	30.7281	32.9811	32.9811	33.3566	30.9158	27	3.27	2021-09-01 17:34::47
241	4189AB83	35618	33.1689	32.9811	33.3566	30.3526	33.1689	32.9811	33.5444	30.7281	27	3.28	2021-09-01 17:34::48
242	4189AB83	35619	33.3566	33.1689	32.7934	30.7281	33.1689	33.5444	33.5444	30.9158	27	3.27	2021-09-01 17:34::49
243	4189AB83	35620	28.3526	28.3526	28.3526	28.3526	-558.758	991.35	3809.75	3633.26	27	3.27	2021-09-01 17:34::50
244	4189AB83	35621	32.7934	32.9811	33.1689	30.3526	33.1689	32.7934	33.1689	30.7281	27	3.27	2021-09-01 17:34::51
