4189AB83	1076	28.4791	28.6668	28.2913	27.5403	28.4791	28.8546	28.8546	28.2913	24	2.94	2021-09-05 17:06::37
120	4189AB83	1077	28.2913	28.8546	28.4791	27.1648	28.4791	28.4791	28.6668	28.4791	24	2.93	2021-09-05 17:06::37
121	4189AB83	1079	28.6668	28.4791	28.4791	27.3526	28.6668	28.2913	28.4791	28.6668	24	2.94	2021-09-05 17:06::39
122	4189AB83	1080	28.6668	28.4791	28.4791	27.3526	28.2913	28.6668	28.4791	28.6668	24	2.93	2021-09-05 17:06::40
123	4189AB83	1081	28.6668	28.4791	28.8546	27.5403	28.8546	28.2913	28.4791	28.4791	24	2.94	2021-09-05 17:06::41
124	4189AB83	1082	28.4791	28.4791	28.4791	27.3526	28.2913	28.4791	28.8546	28.2913	24	2.93	2021-09-05 17:06::41
125	4189AB83	1083	28.8546	28.8546	28.2913	27.3526	28.2913	28.4791	28.6668	28.4791	24	2.93	2021-09-05 17:06::42
126	4189AB83	1084	28.4791	28.6668	28.6668	27.3526	28.4791	28.4791	28.4791	28.2913	24	2.94	2021-09-05 17:06::43
127	4189AB83	1086	28.1036	28.6668	28.6668	27.7281	28.4791	28.6668	28.8546	28.2913	24	2.93	2021-09-05 17:06::45
128	4189AB83	1087	28.6668	28.8546	28.8546	26.977	28.4791	28.2913	28.6668	28.4791	24	2.93	2021-09-05 17:06::46
129	4189AB83	1088	28.6668	28.4791	28.8546	27.1648	28.4791	28.6668	29.0424	28.4791	24	2.93	2021-09-05 17:06::47
130	4189AB83	1089	28.4791	28.8546	28.6668	27.3526	28.2913	28.4791	28.4791	28.2913	24	2.94	2021-09-05 17:06::48
131	4189AB83	1091	28.2913	28.4791	28.8546	27.5403	28.8546	28.4791	28.4791	28.4791	24	2.94	2021-09-05 17:06::50
132	4189AB83	1092	28.6668	28.8546	28.6668	27.3526	28.4791	29.0424	28.6668	28.4791	24	2.94	2021-09-05 17:06::50
133	4189AB83	1093	28.6668	28.8546	28.6668	27.3526	28.4791	28.4791	28.2913	28.4791	24	2.93	2021-09-05 17:06::51
134	4189AB83	1094	28.6668	28.6668	28.8546	27.5403	28.6668	28.4791	28.6668	28.4791	24	2.94	2021-09-05 17:06::52
135	4189AB83	1095	28.6668	29.0424	28.2913	27.3526	28.6668	28.4791	28.2913	28.1036	24	2.93	2021-09-05 17:06::53
136	4189AB83	1098	29.0424	28.8546	28.4791	27.3526	28.1036	28.6668	28.6668	28.4791	24	2.93	2021-09-05 17:06::56
137	4189AB83	1099	28.4791	28.6668	28.4791	27.3526	28.4791	29.0424	28.6668	28.2913	24	2.93	2021-09-05 17:06::57
138	4189AB83	1101	28.6668	28.8546	28.8546	27.1648	28.6668	28.2913	28.6668	28.2913	24	2.93	2021-09-05 17:06::59
139	4189AB83	1102	28.4791	28.4791	28.4791	27.3526	28.6668	28.4791	28.4791	28.2913	24	2.93	2021-09-05 17:06::59
140	4189AB83	1104	28.6668	28.4791	28.6668	27.5403	28.6668	28.6668	29.0424	28.2913	24	2.93	2021-09-05 17:07::01
141	4189AB83	1105	28.4791	28.6668	28.4791	27.3526	28.6668	28.6668	28.4791	28.2913	24	2.93	2021-09-05 17:07::02
142	4189AB83	1106	28.4791	28.4791	28.6668	27.5403	28.4791	28.6668	28.4791	28.4791	24	2.93	2021-09-05 17:07::03
143	4189AB83	1107	28.6668	28.4791	28.6668	27.5403	28.4791	28.6668	28.2913	28.6668	24	2.93	2021-09-05 17:07::04
144	4189AB83	1108	28.4791	28.6668	28.2913	27.7281	28.6668	28.4791	28.6668	28.2913	24	2.93	2021-09-05 17:07::05
145	4189AB83	1109	28.2913	28.8546	28.8546	27.3526	28.4791	28.6668	28.8546	28.6668	24	2.93	2021-09-05 17:07::06
146	4189AB83	1110	28.6668	28.4791	29.0424	27.3526	28.4791	28.6668	28.4791	28.4791	24	2.93	2021-09-05 17:07::07
147	4189AB83	1111	28.6668	28.6668	28.4791	27.3526	28.4791	28.4791	28.4791	28.4791	24	2.93	2021-09-05 17:07::08
148	4189AB83	1112	28.6668	28.4791	28.8546	27.9158	28.4791	28.4791	28.8546	27.9158	24	2.93	2021-09-05 17:07::08
149	4189AB83	1113	28.4791	28.6668	28.2913	27.3526	28.2913	28.4791	28.4791	28.4791	24	2.93	2021-09-05 17:07::09
150	4189AB83	1114	28.2913	28.2913	28.2913	27.3526	28.6668	28.4791	28.4791	28.6668	24	2.93	2021-09-05 17:07::10
151	4189AB83	1115	28.6668	28.6668	28.8546	27.1648	28.6668	28.6668	28.4791	28.2913	24	2.93	2021-09-05 17:07::11
152	4189AB83	1116	28.2913	28.4791	28.4791	27.7281	28.2913	28.6668	28.6668	28.4791	24	2.94	2021-09-05 17:07::12
153	4189AB83	1117	28.8546	28.4791	28.8546	27.3526	28.8546	28.4791	28.4791	28.1036	24	2.93	2021-09-05 17:07::13
154	4189AB83	1118	28.6668	28.8546	28.4791	27.3526	28.4791	28.2913	28.4791	28.4791	24	2.94	2021-09-05 17:07::14
155	4189AB83	1120	28.4791	28.6668	28.6668	27.3526	28.4791	28.8546	28.6668	28.4791	24	2.93	2021-09-05 17:07::16
156	4189AB83	1121	28.6668	28.6668	28.6668	27.5403	28.4791	28.6668	28.4791	28.4791	24	2.94	2021-09-05 17:07::17
157	4189AB83	1122	28.4791	29.0424	28.4791	27.1648	28.6668	28.4791	28.8546	28.4791	24	2.93	2021-09-05 17:07::17
158	4189AB83	1123	28.6668	28.8546	28.4791	27.7281	28.4791	28.6668	28.6668	28.2913	24	2.93	2021-09-05 17:07::18
159	4189AB83	1124	28.8546	28.4791	28.8546	27.9158	28.6668	28.6668	28.6668	28.4791	24	2.93	2021-09-05 17:07::19
160	4189AB83	1126	28.8546	28.4791	28.4791	27.3526	28.6668	28.4791	28.2913	28.4791	24	2.93	2021-09-05 17:07::21
161	4189AB83	1127	28.4791	28.4791	28.6668	27.3526	28.8546	28.8546	28.4791	28.2913	24	2.93	2021-09-05 17:07::22
162	4189AB83	1128	28.4791	28.2913	28.4791	27.3526	28.6668	28.6668	28.8546	28.8546	24	2.93	2021-09-05 17:07::23
163	4189AB83	1129	28.8546	28.8546	29.0424	27.3526	28.6668	28.4791	28.8546	28.4791	24	2.93	2021-09-05 17:07::24
164	4189AB83	1130	28.6668	28.4791	28.6668	27.5403	28.4791	28.4791	28.6668	28.1036	24	2.93	2021-09-05 17:07::25
165	4189AB83	1131	28.4791	28.4791	28.6668	27.3526	28.6668	28.6668	28.6668	28.1036	24	2.93	2021-09-05 17:07::26
166	4189AB83	1132	28.2913	28.8546	28.2913	27.5403	28.6668	28.6668	28.6668	28.2913	24	2.93	2021-09-05 17:07::26
167	4189AB83	1135	28.8546	28.6668	28.4791	26.977	28.6668	28.6668	28.8546	28.2913	24	2.93	2021-09-05 17:07::29
168	4189AB83	1136	28.8546	28.4791	28.4791	27.7281	28.4791	28.8546	28.6668	28.1036	24	2.94	2021-09-05 17:07::30
169	4189AB83	1137	28.6668	28.2913	28.6668	26.977	28.6668	28.6668	29.0424	28.2913	24	2.93	2021-09-05 17:07::31
170	4189AB83	1138	28.6668	28.2913	28.4791	27.3526	28.4791	28.4791	28.4791	28.4791	24	2.94	2021-09-05 17:07::32
171	4189AB83	1139	28.6668	28.6668	28.4791	27.5403	28.4791	28.4791	28.4791	28.1036	24	2.93	2021-09-05 17:07::33
172	4189AB83	1140	28.8546	28.8546	28.6668	27.1648	28.2913	28.8546	28.8546	28.2913	24	2.93	2021-09-05 17:07::34
173	4189AB83	1141	28.4791	28.6668	28.4791	26.977	28.4791	28.6668	28.4791	28.4791	24	2.93	2021-09-05 17:07::35
174	4189AB83	1142	28.6668	28.8546	28.4791	27.5403	28.2913	28.6668	28.4791	28.6668	24	2.93	2021-09-05 17:07::35
175	4189AB83	1143	28.6668	28.6668	28.6668	27.5403	28.4791	28.4791	28.6668	28.1036	24	2.93	2021-09-05 17:07::36
176	4189AB83	1144	28.6668	28.2913	28.6668	27.3526	28.6668	28.4791	28.6668	28.1036	24	2.93	2021-09-05 17:07::37
177	4189AB83	1146	28.4791	28.4791	29.0424	27.3526	28.6668	28.6668	28.8546	28.1036	24	2.93	2021-09-05 17:07::39
178	4189AB83	1148	28.6668	29.0424	28.4791	27.3526	28.6668	28.4791	28.6668	27.9158	24	2.93	2021-09-05 17:07::41
179	4189AB83	1149	28.4791	28.6668	28.6668	27.5403	28.6668	28.8546	28.6668	28.2913	24	2.93	2021-09-05 17:07::42
180	4189AB83	1150	28.6668	29.0424	28.4791	27.1648	28.4791	28.4791	28.6668	28.2913	24	2.93	2021-09-05 17:07::43
181	4189AB83	1151	28.8546	28.4791	28.6668	27.3526	28.6668	28.4791	28.4791	28.1036	24	2.93	2021-09-05 17:07::44
182	4189AB83	1152	28.4791	28.6668	28.4791	27.5403	28.6668	28.4791	28.4791	28.4791	24	2.93	2021-09-05 17:07::44
183	4189AB83	1153	28.6668	28.6668	28.4791	27.1648	28.6668	28.6668	28.2913	28.2913	24	2.93	2021-09-05 17:07::45
184	4189AB83	1154	28.6668	28.6668	28.8546	27.3526	28.6668	28.6668	28.6668	27.9158	24	2.93	2021-09-05 17:07::46
185	4189AB83	1155	28.6668	28.4791	28.8546	27.3526	28.4791	28.4791	28.6668	28.1036	24	2.93	2021-09-05 17:07::47
186	4189AB83	1156	28.4791	28.1036	29.0424	27.3526	28.8546	28.4791	28.6668	28.1036	24	2.93	2021-09-05 17:07::48
187	4189AB83	1157	28.6668	28.8546	28.8546	27.5403	28.4791	29.0424	28.4791	28.1036	24	2.93	2021-09-05 17:07::49
188	4189AB83	1160	28.4791	28.6668	28.8546	27.5403	28.6668	28.2913	28.6668	27.9158	24	2.93	2021-09-05 17:07::52
189	4189AB83	1161	28.6668	28.8546	28.6668	27.7281	28.6668	28.6668	28.6668	28.2913	24	2.93	2021-09-05 17:07::53
190	4189AB83	1162	28.8546	28.6668	28.4791	27.3526	28.2913	28.2913	28.4791	28.2913	24	2.93	2021-09-05 17:07::53
191	4189AB83	1163	28.4791	28.6668	28.6668	27.3526	28.4791	28.4791	28.4791	28.1036	24	2.93	2021-09-05 17:07::54
192	4189AB83	1164	28.8546	29.0424	28.6668	27.7281	28.6668	28.6668	28.4791	28.2913	24	2.93	2021-09-05 17:07::55
193	4189AB83	1165	28.4791	28.4791	28.6668	27.3526	28.2913	28.6668	28.8546	28.1036	24	2.93	2021-09-05 17:07::56
194	4189AB83	1166	28.6668	28.2913	28.6668	27.5403	28.6668	28.4791	28.6668	28.1036	24	2.93	2021-09-05 17:07::57
195	4189AB83	1168	28.6668	28.8546	28.4791	27.5403	28.4791	28.6668	28.8546	28.4791	24	2.94	2021-09-05 17:07::59
196	4189AB83	1169	28.6668	28.4791	28.4791	27.3526	28.4791	28.8546	28.4791	28.1036	24	2.93	2021-09-05 17:08::00
197	4189AB83	1170	28.8546	28.2913	28.4791	27.3526	28.4791	28.1036	28.6668	28.1036	24	2.93	2021-09-05 17:08::01
198	4189AB83	1171	28.8546	28.6668	28.4791	27.5403	28.4791	28.4791	28.2913	28.1036	24	2.93	2021-09-05 17:08::02
199	4189AB83	1171	28.4791	28.4791	28.8546	27.3526	28.4791	28.4791	28.6668	28.1036	24	2.93	2021-09-05 17:08::02
200	4189AB83	1172	28.2913	28.2913	28.2913	27.3526	28.6668	28.4791	28.4791	28.6668	24	2.93	2021-09-05 17:08::02
0.15
201	4189AB83	1173	28.6668	28.6668	28.8546	27.1648	28.6668	28.6668	28.4791	28.2913	24	2.93	2021-09-05 17:08::03
202	4189AB83	1174	28.2913	28.4791	28.4791	27.7281	28.2913	28.6668	28.6668	28.4791	24	2.93	2021-09-05 17:08::04
203	4189AB83	1175	28.8546	28.4791	28.8546	27.3526	28.8546	28.4791	28.4791	28.1036	24	2.93	2021-09-05 17:08::05
204	4189AB83	1176	28.6668	28.8546	28.4791	27.3526	28.4791	28.2913	28.4791	28.4791	24	2.94	2021-09-05 17:08::06
205	4189AB83	1177	28.4791	28.6668	28.6668	27.3526	28.4791	28.8546	28.6668	28.4791	24	2.93	2021-09-05 17:08::07
206	4189AB83	1179	28.6668	28.6668	28.6668	27.5403	28.4791	28.6668	28.4791	28.4791	24	2.93	2021-09-05 17:08::09
207	4189AB83	1180	28.4791	29.0424	28.4791	27.1648	28.6668	28.4791	28.8546	28.4791	24	2.93	2021-09-05 17:08::10
208	4189AB83	1182	28.6668	28.8546	28.4791	27.7281	28.4791	28.6668	28.6668	28.2913	24	2.93	2021-09-05 17:08::11
209	4189AB83	1182	28.8546	28.4791	28.8546	27.9158	28.6668	28.6668	28.6668	28.4791	24	2.93	2021-09-05 17:08::12
210	4189AB83	1184	28.8546	28.4791	28.4791	27.3526	28.6668	28.4791	28.2913	28.4791	24	2.93	2021-09-05 17:08::13
211	4189AB83	1185	28.4791	28.4791	28.6668	27.3526	28.8546	28.8546	28.4791	28.2913	24	2.93	2021-09-05 17:08::14
212	4189AB83	1187	28.4791	28.2913	28.4791	27.3526	28.6668	28.6668	28.8546	28.8546	24	2.93	2021-09-05 17:08::16
213	4189AB83	1188	28.8546	28.8546	29.0424	27.3526	28.6668	28.4791	28.8546	28.4791	24	2.93	2021-09-05 17:08::17
214	4189AB83	1189	28.6668	28.4791	28.6668	27.5403	28.4791	28.4791	28.6668	28.1036	24	2.93	2021-09-05 17:08::18
215	4189AB83	1190	28.4791	28.4791	28.6668	27.3526	28.6668	28.6668	28.6668	28.1036	24	2.93	2021-09-05 17:08::19
216	4189AB83	1191	28.2913	28.8546	28.2913	27.5403	28.6668	28.6668	28.6668	28.2913	24	2.93	2021-09-05 17:08::20
217	4189AB83	1193	28.8546	28.6668	28.4791	26.977	28.6668	28.6668	28.8546	28.2913	24	2.93	2021-09-05 17:08::21
218	4189AB83	1194	28.8546	28.4791	28.4791	27.7281	28.4791	28.8546	28.6668	28.1036	24	2.94	2021-09-05 17:08::22
219	4189AB83	1195	28.6668	28.2913	28.6668	26.977	28.6668	28.6668	29.0424	28.2913	24	2.93	2021-09-05 17:08::23
220	4189AB83	1196	28.6668	28.2913	28.4791	27.3526	28.4791	28.4791	28.4791	28.4791	24	2.93	2021-09-05 17:08::24
221	4189AB83	1198	28.6668	28.6668	28.4791	27.5403	28.4791	28.4791	28.4791	28.1036	24	2.93	2021-09-05 17:08::26
222	4189AB83	1199	28.8546	28.8546	28.6668	27.1648	28.2913	28.8546	28.8546	28.2913	24	2.93	2021-09-05 17:08::27
223	4189AB83	1200	28.4791	28.6668	28.4791	26.977	28.4791	28.6668	28.4791	28.4791	24	2.93	2021-09-05 17:08::28
224	4189AB83	1201	28.6668	28.8546	28.4791	27.5403	28.2913	28.6668	28.4791	28.6668	24	2.93	2021-09-05 17:08::29
225	4189AB83	1202	28.6668	28.6668	28.6668	27.5403	28.4791	28.4791	28.6668	28.1036	24	2.93	2021-09-05 17:08::29
226	4189AB83	1203	28.6668	28.2913	28.6668	27.3526	28.6668	28.4791	28.6668	28.1036	24	2.93	2021-09-05 17:08::30
227	4189AB83	1204	28.4791	28.4791	29.0424	27.3526	28.6668	28.6668	28.8546	28.1036	24	2.93	2021-09-05 17:08::31
228	4189AB83	1205	28.6668	29.0424	28.4791	27.3526	28.6668	28.4791	28.6668	27.9158	24	2.93	2021-09-05 17:08::32
229	4189AB83	1206	28.4791	28.6668	28.6668	27.5403	28.6668	28.8546	28.6668	28.2913	24	2.93	2021-09-05 17:08::33
230	4189AB83	1208	28.6668	29.0424	28.4791	27.1648	28.4791	28.4791	28.6668	28.2913	24	2.93	2021-09-05 17:08::35
231	4189AB83	1209	28.8546	28.4791	28.6668	27.3526	28.6668	28.4791	28.4791	28.1036	24	2.93	2021-09-05 17:08::36
232	4189AB83	1210	28.4791	28.6668	28.4791	27.5403	28.6668	28.4791	28.4791	28.4791	24	2.93	2021-09-05 17:08::37
233	4189AB83	1211	28.6668	28.6668	28.4791	27.1648	28.6668	28.6668	28.2913	28.2913	24	2.93	2021-09-05 17:08::38
234	4189AB83	1214	28.6668	28.6668	28.8546	27.3526	28.6668	28.6668	28.6668	27.9158	24	2.93	2021-09-05 17:08::40
235	4189AB83	1215	28.6668	28.4791	28.8546	27.3526	28.4791	28.4791	28.6668	28.1036	24	2.93	2021-09-05 17:08::41
236	4189AB83	1217	28.4791	28.1036	29.0424	27.3526	28.8546	28.4791	28.6668	28.1036	24	2.93	2021-09-05 17:08::43
237	4189AB83	1218	28.6668	28.8546	28.8546	27.5403	28.4791	29.0424	28.4791	28.1036	24	2.93	2021-09-05 17:08::44
238	4189AB83	1219	28.4791	28.6668	28.8546	27.5403	28.6668	28.2913	28.6668	27.9158	24	2.93	2021-09-05 17:08::45
239	4189AB83	1220	28.6668	28.8546	28.6668	27.7281	28.6668	28.6668	28.6668	28.2913	24	2.93	2021-09-05 17:08::46
240	4189AB83	1222	28.8546	28.6668	28.4791	27.3526	28.2913	28.2913	28.4791	28.2913	24	2.93	2021-09-05 17:08::47
241	4189AB83	1223	28.4791	28.6668	28.6668	27.3526	28.4791	28.4791	28.4791	28.1036	24	2.93	2021-09-05 17:08::48
242	4189AB83	1224	28.8546	29.0424	28.6668	27.7281	28.6668	28.6668	28.4791	28.2913	24	2.93	2021-09-05 17:08::49
243	4189AB83	1225	28.4791	28.4791	28.6668	27.3526	28.2913	28.6668	28.8546	28.1036	24	2.93	2021-09-05 17:08::50
244	4189AB83	1226	28.6668	28.2913	28.6668	27.5403	28.6668	28.4791	28.6668	28.1036	24	2.93	2021-09-05 17:08::51
245	4189AB83	1227	28.6668	28.8546	28.4791	27.5403	28.4791	28.6668	28.8546	28.4791	24	2.93	2021-09-05 17:08::52
246	4189AB83	1228	28.6668	28.4791	28.4791	27.3526	28.4791	28.8546	28.4791	28.1036	24	2.93	2021-09-05 17:08::53
247	4189AB83	1230	28.8546	28.2913	28.4791	27.3526	28.4791	28.1036	28.6668	28.1036	24	2.93	2021-09-05 17:08::55
248	4189AB83	1231	28.8546	28.6668	28.4791	27.5403	28.4791	28.4791	28.2913	28.1036	24	2.93	2021-09-05 17:08::56
249	4189AB83	1232	28.4791	28.4791	28.8546	27.3526	28.4791	28.4791	28.6668	28.1036	24	2.93	2021-09-05 17:08::56
250	4189AB83	1233	28.4791	28.4791	29.0424	27.5403	28.4791	28.6668	28.6668	28.1036	24	2.93	2021-09-05 17:08::57
251	4189AB83	1235	28.6668	28.6668	28.6668	27.1648	28.4791	28.4791	28.4791	27.9158	24	2.93	2021-09-05 17:08::59
252	4189AB83	1237	28.6668	28.4791	28.4791	27.7281	28.6668	28.6668	28.4791	28.1036	24	2.93	2021-09-05 17:09::01
253	4189AB83	1238	28.4791	29.0424	28.4791	27.3526	28.4791	28.2913	28.2913	28.1036	24	2.93	2021-09-05 17:09::02
254	4189AB83	1239	28.4791	28.6668	28.6668	27.3526	28.4791	28.6668	28.6668	27.9158	24	2.93	2021-09-05 17:09::03
255	4189AB83	1240	28.4791	28.6668	28.4791	27.1648	28.6668	28.2913	28.6668	28.1036	24	2.93	2021-09-05 17:09::04
256	4189AB83	1241	28.1036	28.6668	28.4791	27.5403	28.2913	28.1036	28.4791	27.9158	24	2.93	2021-09-05 17:09::05
257	4189AB83	1242	28.8546	28.6668	28.4791	27.7281	28.2913	28.2913	28.6668	28.1036	24	2.93	2021-09-05 17:09::05
258	4189AB83	1243	28.8546	28.6668	28.4791	27.3526	28.4791	28.4791	28.4791	28.1036	24	2.93	2021-09-05 17:09::06
259	4189AB83	1245	28.4791	28.6668	28.4791	27.5403	28.2913	28.2913	28.4791	28.2913	24	2.93	2021-09-05 17:09::08
260	4189AB83	1246	28.6668	28.2913	28.6668	27.1648	28.6668	28.4791	28.6668	28.1036	24	2.93	2021-09-05 17:09::09
261	4189AB83	1247	28.2913	28.8546	28.2913	27.5403	28.4791	28.6668	28.6668	28.1036	24	2.93	2021-09-05 17:09::10
262	4189AB83	1248	28.2913	28.6668	28.4791	27.3526	28.4791	29.0424	28.2913	28.1036	24	2.93	2021-09-05 17:09::11
263	4189AB83	1251	28.4791	28.2913	28.4791	27.3526	28.4791	28.6668	28.6668	27.5403	24	2.93	2021-09-05 17:09::14
264	4189AB83	1252	28.4791	28.6668	28.4791	27.5403	28.8546	28.2913	28.4791	27.9158	24	2.93	2021-09-05 17:09::14
265	4189AB83	1254	28.4791	28.2913	28.6668	27.1648	28.4791	28.2913	28.4791	27.7281	24	2.93	2021-09-05 17:09::16
266	4189AB83	1255	28.6668	28.6668	28.6668	27.1648	28.2913	28.4791	28.6668	28.2913	24	2.93	2021-09-05 17:09::17
267	4189AB83	1256	28.4791	28.6668	28.4791	27.3526	28.6668	28.4791	28.8546	27.9158	24	2.93	2021-09-05 17:09::18
268	4189AB83	1257	28.4791	28.6668	28.2913	26.977	28.4791	28.6668	28.4791	27.7281	24	2.93	2021-09-05 17:09::19
269	4189AB83	1260	28.4791	28.4791	28.4791	27.3526	28.4791	28.6668	28.4791	28.1036	24	2.93	2021-09-05 17:09::22
270	4189AB83	1261	28.8546	28.6668	28.4791	27.7281	28.4791	28.8546	28.4791	28.1036	24	2.93	2021-09-05 17:09::23
271	4189AB83	1263	28.4791	28.4791	28.4791	27.3526	28.2913	28.4791	28.4791	28.4791	24	2.93	2021-09-05 17:09::24
272	4189AB83	1264	28.2913	28.8546	28.4791	27.3526	28.6668	28.4791	28.4791	27.7281	24	2.93	2021-09-05 17:09::25
273	4189AB83	1265	28.4791	28.1036	28.4791	27.5403	28.2913	28.6668	28.4791	27.9158	24	2.93	2021-09-05 17:09::26
274	4189AB83	1266	28.2913	28.2913	28.4791	27.5403	28.4791	28.1036	28.4791	28.1036	24	2.93	2021-09-05 17:09::27
275	4189AB83	1267	28.4791	28.6668	28.6668	27.7281	28.2913	28.4791	28.4791	27.9158	24	2.93	2021-09-05 17:09::28
276	4189AB83	1270	28.6668	28.1036	28.2913	27.5403	28.6668	28.2913	28.6668	28.1036	24	2.93	2021-09-05 17:09::31
277	4189AB83	1272	28.1036	28.4791	28.4791	26.7893	28.2913	28.4791	28.4791	27.9158	24	2.93	2021-09-05 17:09::32
278	4189AB83	1273	28.4791	28.2913	28.4791	27.3526	28.6668	28.2913	28.4791	28.2913	24	2.93	2021-09-05 17:09::33
279	4189AB83	1274	28.4791	28.4791	28.6668	27.3526	28.6668	28.2913	28.4791	27.9158	24	2.93	2021-09-05 17:09::34
280	4189AB83	1275	28.4791	28.6668	28.6668	27.7281	28.2913	28.2913	28.4791	27.7281	24	2.93	2021-09-05 17:09::35
281	4189AB83	1276	28.4791	28.2913	28.4791	27.1648	28.4791	28.4791	28.8546	27.9158	24	2.93	2021-09-05 17:09::36
282	4189AB83	1277	28.4791	28.2913	28.2913	27.3526	28.6668	28.2913	28.4791	27.9158	24	2.93	2021-09-05 17:09::37
283	4189AB83	1278	28.4791	28.8546	28.6668	27.1648	28.4791	28.4791	28.4791	27.9158	24	2.93	2021-09-05 17:09::38
284	4189AB83	1279	28.4791	28.6668	28.6668	27.3526	28.2913	28.6668	28.2913	27.5403	24	2.93	2021-09-05 17:09::39
285	4189AB83	1281	28.2913	28.2913	28.8546	27.5403	28.1036	28.2913	28.8546	27.5403	24	2.93	2021-09-05 17:09::41
286	4189AB83	1282	28.4791	28.6668	28.2913	27.1648	28.2913	28.4791	28.1036	27.9158	24	2.93	2021-09-05 17:09::41
287	4189AB83	1283	28.4791	28.4791	28.2913	27.3526	28.8546	28.4791	28.4791	27.5403	24	2.93	2021-09-05 17:09::42
288	4189AB83	1284	28.4791	28.4791	28.6668	27.3526	28.2913	28.4791	28.4791	27.7281	24	2.93	2021-09-05 17:09::43
289	4189AB83	1285	28.6668	28.1036	28.2913	27.3526	28.6668	28.2913	28.4791	27.7281	24	2.93	2021-09-05 17:09::44
290	4189AB83	1286	28.1036	28.4791	28.6668	27.1648	28.4791	28.4791	28.6668	27.9158	24	2.93	2021-09-05 17:09::45
291	4189AB83	1287	28.2913	28.2913	28.4791	26.977	28.4791	28.4791	28.4791	28.2913	24	2.93	2021-09-05 17:09::46
292	4189AB83	1288	28.6668	28.4791	28.2913	27.5403	28.2913	28.4791	28.4791	27.5403	24	2.93	2021-09-05 17:09::47
293	4189AB83	1290	28.4791	28.6668	28.6668	27.3526	28.4791	28.4791	28.4791	28.1036	24	2.93	2021-09-05 17:09::49
294	4189AB83	1291	28.4791	28.2913	28.2913	27.5403	28.2913	28.1036	28.6668	27.9158	24	2.93	2021-09-05 17:09::50
295	4189AB83	1292	28.6668	28.1036	28.4791	27.3526	28.6668	28.2913	28.4791	28.1036	24	2.93	2021-09-05 17:09::50
296	4189AB83	1293	28.4791	28.8546	28.4791	27.3526	28.4791	28.2913	28.4791	27.7281	24	2.93	2021-09-05 17:09::51
297	4189AB83	1294	28.4791	28.4791	28.2913	27.5403	28.1036	28.6668	28.6668	28.1036	24	2.93	2021-09-05 17:09::52
298	4189AB83	1296	28.2913	28.6668	28.4791	27.5403	28.4791	28.1036	28.4791	27.9158	24	2.93	2021-09-05 17:09::54
299	4189AB83	1297	28.2913	28.6668	28.2913	27.5403	28.4791	28.6668	28.2913	28.2913	24	2.93	2021-09-05 17:09::55
300	4189AB83	1298	28.4791	28.4791	29.0424	27.5403	28.4791	28.6668	28.6668	28.1036	24	2.93	2021-09-05 17:09::56
0.26
301	4189AB83	1299	28.6668	28.6668	28.6668	27.1648	28.4791	28.4791	28.4791	27.9158	24	2.93	2021-09-05 17:09::57
302	4189AB83	1302	28.6668	28.4791	28.4791	27.7281	28.6668	28.6668	28.4791	28.1036	24	2.93	2021-09-05 17:09::59
303	4189AB83	1303	28.4791	29.0424	28.4791	27.3526	28.4791	28.2913	28.2913	28.1036	24	2.93	2021-09-05 17:10::00
304	4189AB83	1304	28.4791	28.6668	28.6668	27.3526	28.4791	28.6668	28.6668	27.9158	24	2.93	2021-09-05 17:10::01
305	4189AB83	1305	28.4791	28.6668	28.4791	27.1648	28.6668	28.2913	28.6668	28.1036	24	2.93	2021-09-05 17:10::02
306	4189AB83	1306	28.1036	28.6668	28.4791	27.5403	28.2913	28.1036	28.4791	27.9158	24	2.93	2021-09-05 17:10::03
307	4189AB83	1307	28.8546	28.6668	28.4791	27.7281	28.2913	28.2913	28.6668	28.1036	24	2.93	2021-09-05 17:10::04
308	4189AB83	1308	28.8546	28.6668	28.4791	27.3526	28.4791	28.4791	28.4791	28.1036	24	2.93	2021-09-05 17:10::05
309	4189AB83	1310	28.4791	28.6668	28.4791	27.5403	28.2913	28.2913	28.4791	28.2913	24	2.93	2021-09-05 17:10::07
310	4189AB83	1312	28.6668	28.2913	28.6668	27.1648	28.6668	28.4791	28.6668	28.1036	24	2.93	2021-09-05 17:10::08
311	4189AB83	1314	28.2913	28.8546	28.2913	27.5403	28.4791	28.6668	28.6668	28.1036	24	2.93	2021-09-05 17:10::10
312	4189AB83	1315	28.2913	28.6668	28.4791	27.3526	28.4791	29.0424	28.2913	28.1036	24	2.93	2021-09-05 17:10::11
313	4189AB83	1316	28.4791	28.2913	28.4791	27.3526	28.4791	28.6668	28.6668	27.5403	24	2.93	2021-09-05 17:10::12
314	4189AB83	1317	28.4791	28.6668	28.4791	27.5403	28.8546	28.2913	28.4791	27.9158	24	2.93	2021-09-05 17:10::13
315	4189AB83	1319	28.4791	28.2913	28.6668	27.1648	28.4791	28.2913	28.4791	27.7281	24	2.93	2021-09-05 17:10::15
316	4189AB83	1321	28.6668	28.6668	28.6668	27.1648	28.2913	28.4791	28.6668	28.2913	24	2.93	2021-09-05 17:10::16
317	4189AB83	1323	28.4791	28.6668	28.4791	27.3526	28.6668	28.4791	28.8546	27.9158	24	2.93	2021-09-05 17:10::18
318	4189AB83	1324	28.4791	28.6668	28.2913	26.977	28.4791	28.6668	28.4791	27.7281	24	2.93	2021-09-05 17:10::19
319	4189AB83	1325	28.4791	28.4791	28.4791	27.3526	28.4791	28.6668	28.4791	28.1036	24	2.93	2021-09-05 17:10::20
320	4189AB83	1326	28.8546	28.6668	28.4791	27.7281	28.4791	28.8546	28.4791	28.1036	24	2.93	2021-09-05 17:10::21
321	4189AB83	1328	28.4791	28.4791	28.4791	27.3526	28.2913	28.4791	28.4791	28.4791	24	2.93	2021-09-05 17:10::23
322	4189AB83	1330	28.2913	28.8546	28.4791	27.3526	28.6668	28.4791	28.4791	27.7281	24	2.93	2021-09-05 17:10::25
323	4189AB83	1332	28.4791	28.1036	28.4791	27.5403	28.2913	28.6668	28.4791	27.9158	24	2.93	2021-09-05 17:10::26
324	4189AB83	1333	28.2913	28.2913	28.4791	27.5403	28.4791	28.1036	28.4791	28.1036	24	2.93	2021-09-05 17:10::27
325	4189AB83	1334	28.4791	28.6668	28.6668	27.7281	28.2913	28.4791	28.4791	27.9158	24	2.93	2021-09-05 17:10::28
326	4189AB83	1335	28.6668	28.1036	28.2913	27.5403	28.6668	28.2913	28.6668	28.1036	24	2.93	2021-09-05 17:10::29
327	4189AB83	1337	28.1036	28.4791	28.4791	26.7893	28.2913	28.4791	28.4791	27.9158	24	2.93	2021-09-05 17:10::31
328	4189AB83	1339	28.4791	28.2913	28.4791	27.3526	28.6668	28.2913	28.4791	28.2913	24	2.93	2021-09-05 17:10::33
329	4189AB83	1340	28.4791	28.4791	28.6668	27.3526	28.6668	28.2913	28.4791	27.9158	24	2.93	2021-09-05 17:10::34
330	4189AB83	1341	28.4791	28.6668	28.6668	27.7281	28.2913	28.2913	28.4791	27.7281	24	2.93	2021-09-05 17:10::34
331	4189AB83	1342	28.4791	28.2913	28.4791	27.1648	28.4791	28.4791	28.8546	27.9158	24	2.93	2021-09-05 17:10::35
332	4189AB83	1343	28.4791	28.2913	28.2913	27.3526	28.6668	28.2913	28.4791	27.9158	24	2.93	2021-09-05 17:10::36
333	4189AB83	1344	28.4791	28.8546	28.6668	27.1648	28.4791	28.4791	28.4791	27.9158	24	2.93	2021-09-05 17:10::37
334	4189AB83	1345	28.4791	28.6668	28.6668	27.3526	28.2913	28.6668	28.2913	27.5403	24	2.93	2021-09-05 17:10::38
335	4189AB83	1346	28.2913	28.2913	28.8546	27.5403	28.1036	28.2913	28.8546	27.5403	24	2.93	2021-09-05 17:10::39
336	4189AB83	1347	28.4791	28.6668	28.2913	27.1648	28.2913	28.4791	28.1036	27.9158	24	2.93	2021-09-05 17:10::40
337	4189AB83	1348	28.4791	28.4791	28.2913	27.3526	28.8546	28.4791	28.4791	27.5403	24	2.93	2021-09-05 17:10::41
338	4189AB83	1350	28.4791	28.4791	28.6668	27.3526	28.2913	28.4791	28.4791	27.7281	24	2.93	2021-09-05 17:10::43
339	4189AB83	1352	28.6668	28.1036	28.2913	27.3526	28.6668	28.2913	28.4791	27.7281	24	2.93	2021-09-05 17:10::44
340	4189AB83	1353	28.1036	28.4791	28.6668	27.1648	28.4791	28.4791	28.6668	27.9158	24	2.93	2021-09-05 17:10::45
341	4189AB83	1354	28.2913	28.2913	28.4791	26.977	28.4791	28.4791	28.4791	28.2913	24	2.93	2021-09-05 17:10::46
342	4189AB83	1355	28.6668	28.4791	28.2913	27.5403	28.2913	28.4791	28.4791	27.5403	24	2.93	2021-09-05 17:10::47
343	4189AB83	1357	28.4791	28.6668	28.6668	27.3526	28.4791	28.4791	28.4791	28.1036	24	2.93	2021-09-05 17:10::49
344	4189AB83	1359	28.4791	28.2913	28.2913	27.5403	28.2913	28.1036	28.6668	27.9158	24	2.93	2021-09-05 17:10::51
345	4189AB83	1360	28.6668	28.1036	28.4791	27.3526	28.6668	28.2913	28.4791	28.1036	24	2.93	2021-09-05 17:10::52
346	4189AB83	1361	28.4791	28.8546	28.4791	27.3526	28.4791	28.2913	28.4791	27.7281	24	2.93	2021-09-05 17:10::52
347	4189AB83	1362	28.4791	28.4791	28.2913	27.5403	28.1036	28.6668	28.6668	28.1036	24	2.93	2021-09-05 17:10::53
348	4189AB83	1363	28.2913	28.6668	28.4791	27.5403	28.4791	28.1036	28.4791	27.9158	24	2.93	2021-09-05 17:10::54
349	4189AB83	1364	28.2913	28.6668	28.2913	27.5403	28.4791	28.6668	28.2913	28.2913	24	2.93	2021-09-05 17:10::55
350	4189AB83	1365	28.8546	28.2913	28.6668	27.5403	28.2913	28.4791	28.2913	28.1036	24	2.93	2021-09-05 17:10::56
351	4189AB83	1366	28.4791	28.8546	28.6668	27.3526	28.2913	28.2913	28.4791	27.7281	24	2.93	2021-09-05 17:10::57
352	4189AB83	1367	28.4791	28.8546	28.4791	27.5403	28.4791	28.6668	28.4791	28.1036	24	2.93	2021-09-05 17:10::58
353	4189AB83	1368	28.4791	28.6668	28.4791	27.5403	28.1036	28.1036	28.4791	27.7281	24	2.93	2021-09-05 17:10::59
354	4189AB83	1369	28.4791	28.6668	28.4791	27.5403	28.4791	28.4791	28.4791	28.4791	24	2.93	2021-09-05 17:11::00
355	4189AB83	1370	28.6668	28.4791	28.6668	27.3526	28.2913	28.8546	28.4791	28.1036	24	2.93	2021-09-05 17:11::01
356	4189AB83	1372	28.6668	28.6668	28.4791	27.1648	28.4791	28.2913	28.8546	27.9158	24	2.93	2021-09-05 17:11::02
357	4189AB83	1374	28.4791	28.4791	28.4791	27.3526	28.6668	28.6668	28.4791	27.7281	24	2.93	2021-09-05 17:11::04
358	4189AB83	1375	28.6668	28.6668	29.0424	27.3526	28.4791	28.8546	28.6668	27.9158	24	2.93	2021-09-05 17:11::05
359	4189AB83	1376	28.4791	28.8546	28.6668	27.3526	28.8546	28.2913	28.2913	28.2913	24	2.93	2021-09-05 17:11::06
360	4189AB83	1377	28.8546	28.6668	28.4791	27.1648	28.6668	28.6668	28.6668	27.9158	24	2.93	2021-09-05 17:11::07
361	4189AB83	1379	28.2913	28.8546	28.6668	27.1648	28.2913	28.2913	28.6668	27.9158	24	2.93	2021-09-05 17:11::09
362	4189AB83	1381	29.0424	28.6668	28.4791	27.5403	28.4791	28.8546	28.4791	28.1036	24	2.93	2021-09-05 17:11::10
363	4189AB83	1382	28.4791	28.8546	28.4791	27.5403	28.4791	28.6668	28.8546	27.7281	24	2.93	2021-09-05 17:11::11
364	4189AB83	1383	28.6668	28.6668	28.4791	27.1648	28.2913	28.4791	28.4791	28.2913	24	2.93	2021-09-05 17:11::12
365	4189AB83	1385	28.6668	28.4791	28.8546	27.3526	28.4791	28.8546	28.6668	28.1036	24	2.93	2021-09-05 17:11::14
366	4189AB83	1386	28.4791	28.8546	28.6668	27.3526	28.4791	28.6668	28.6668	27.9158	24	2.93	2021-09-05 17:11::15
367	4189AB83	1387	29.0424	28.6668	28.2913	27.5403	28.2913	28.4791	28.6668	27.9158	24	2.93	2021-09-05 17:11::16
368	4189AB83	1388	28.6668	28.6668	28.6668	27.1648	28.4791	28.6668	28.2913	27.7281	24	2.93	2021-09-05 17:11::17
369	4189AB83	1390	28.8546	28.6668	28.8546	27.3526	28.6668	28.4791	28.4791	27.9158	24	2.93	2021-09-05 17:11::19
370	4189AB83	1391	28.6668	28.4791	28.8546	27.3526	28.6668	28.4791	28.4791	27.9158	24	2.93	2021-09-05 17:11::19
371	4189AB83	1392	28.4791	28.8546	28.4791	27.5403	28.2913	28.4791	28.6668	27.9158	24	2.93	2021-09-05 17:11::20
372	4189AB83	1394	28.8546	28.8546	28.4791	27.7281	28.6668	28.8546	28.6668	27.9158	24	2.93	2021-09-05 17:11::22
373	4189AB83	1395	28.6668	28.4791	28.6668	27.3526	28.4791	28.6668	28.2913	28.1036	24	2.93	2021-09-05 17:11::23
374	4189AB83	1396	28.6668	28.4791	28.4791	27.3526	28.2913	28.4791	28.8546	27.7281	24	2.93	2021-09-05 17:11::24
375	4189AB83	1397	28.6668	28.4791	28.4791	27.3526	28.8546	28.2913	29.0424	27.9158	24	2.93	2021-09-05 17:11::25
376	4189AB83	1399	28.6668	28.4791	28.6668	27.3526	28.6668	28.8546	28.2913	27.7281	24	2.93	2021-09-05 17:11::27
377	4189AB83	1400	28.8546	28.8546	28.6668	27.5403	28.4791	28.4791	28.6668	28.1036	24	2.93	2021-09-05 17:11::28
378	4189AB83	1401	28.6668	28.4791	28.6668	27.5403	28.6668	28.4791	28.6668	27.7281	24	2.93	2021-09-05 17:11::28
379	4189AB83	1402	28.6668	28.6668	28.6668	27.1648	28.2913	28.2913	28.6668	28.1036	24	2.93	2021-09-05 17:11::29
380	4189AB83	1403	28.6668	28.4791	29.0424	27.1648	28.8546	28.4791	28.8546	27.9158	24	2.93	2021-09-05 17:11::30
381	4189AB83	1404	28.6668	28.6668	28.4791	27.5403	28.4791	28.6668	28.8546	27.9158	24	2.93	2021-09-05 17:11::31
382	4189AB83	1405	28.2913	28.4791	28.8546	27.5403	28.2913	28.4791	28.6668	28.1036	24	2.93	2021-09-05 17:11::32
383	4189AB83	1407	28.6668	28.4791	29.0424	27.3526	28.4791	28.1036	28.4791	27.9158	24	2.93	2021-09-05 17:11::34
384	4189AB83	1408	28.4791	28.1036	28.6668	27.9158	28.2913	28.4791	28.8546	27.9158	24	2.93	2021-09-05 17:11::35
385	4189AB83	1409	28.4791	28.4791	28.4791	27.3526	28.4791	28.6668	28.2913	27.9158	24	2.93	2021-09-05 17:11::36
386	4189AB83	1410	28.4791	28.4791	28.4791	27.1648	28.8546	28.4791	28.4791	28.1036	24	2.93	2021-09-05 17:11::37
387	4189AB83	1412	28.4791	28.6668	28.4791	27.5403	28.4791	28.6668	28.4791	28.1036	24	2.93	2021-09-05 17:11::38
388	4189AB83	1413	28.6668	28.8546	28.2913	27.1648	28.6668	28.6668	28.4791	27.9158	24	2.93	2021-09-05 17:11::39
389	4189AB83	1414	28.4791	28.6668	28.6668	27.3526	28.6668	28.6668	28.6668	27.7281	24	2.93	2021-09-05 17:11::40
390	4189AB83	1415	28.2913	28.6668	28.6668	27.7281	28.8546	28.2913	28.8546	27.9158	24	2.93	2021-09-05 17:11::41
391	4189AB83	1416	28.4791	28.8546	28.1036	27.5403	28.2913	28.4791	28.4791	28.2913	24	2.93	2021-09-05 17:11::42
392	4189AB83	1417	28.6668	28.6668	28.1036	27.5403	28.4791	28.2913	28.2913	27.9158	24	2.93	2021-09-05 17:11::43
393	4189AB83	1418	28.6668	28.4791	28.6668	27.3526	28.4791	28.2913	28.4791	27.9158	24	2.93	2021-09-05 17:11::44
394	4189AB83	1420	28.6668	28.4791	28.6668	27.5403	28.4791	28.6668	28.8546	28.1036	24	2.93	2021-09-05 17:11::46
395	4189AB83	1421	28.2913	28.4791	28.6668	27.7281	28.4791	28.6668	28.6668	27.5403	24	2.93	2021-09-05 17:11::46
396	4189AB83	1422	28.4791	28.4791	28.8546	27.3526	28.1036	28.6668	28.8546	27.9158	24	2.93	2021-09-05 17:11::47
397	4189AB83	1423	28.6668	28.4791	28.6668	27.3526	28.4791	28.4791	28.6668	27.5403	24	2.93	2021-09-05 17:11::48
398	4189AB83	1425	28.4791	28.2913	28.6668	27.3526	28.2913	28.8546	28.4791	27.5403	24	2.93	2021-09-05 17:11::50
399	4189AB83	1426	28.4791	28.4791	28.2913	27.5403	28.8546	28.4791	28.6668	28.2913	24	2.93	2021-09-05 17:11::51
400	4189AB83	1427	28.8546	28.2913	28.6668	27.5403	28.2913	28.4791	28.2913	28.1036	24	2.93	2021-09-05 17:11::52
0.29
401	4189AB83	1428	28.4791	28.8546	28.6668	27.3526	28.2913	28.2913	28.4791	27.7281	24	2.93	2021-09-05 17:11::53
402	4189AB83	1429	28.4791	28.8546	28.4791	27.5403	28.4791	28.6668	28.4791	28.1036	24	2.93	2021-09-05 17:11::54
403	4189AB83	1432	28.4791	28.6668	28.4791	27.5403	28.1036	28.1036	28.4791	27.7281	24	2.93	2021-09-05 17:11::56
404	4189AB83	1433	28.4791	28.6668	28.4791	27.5403	28.4791	28.4791	28.4791	28.4791	24	2.93	2021-09-05 17:11::57
405	4189AB83	1434	28.6668	28.4791	28.6668	27.3526	28.2913	28.8546	28.4791	28.1036	24	2.93	2021-09-05 17:11::58
406	4189AB83	1435	28.6668	28.6668	28.4791	27.1648	28.4791	28.2913	28.8546	27.9158	24	2.93	2021-09-05 17:11::59
407	4189AB83	1436	28.4791	28.4791	28.4791	27.3526	28.6668	28.6668	28.4791	27.7281	24	2.93	2021-09-05 17:12::00
408	4189AB83	1437	28.6668	28.6668	29.0424	27.3526	28.4791	28.8546	28.6668	27.9158	24	2.93	2021-09-05 17:12::01
409	4189AB83	1438	28.4791	28.8546	28.6668	27.3526	28.8546	28.2913	28.2913	28.2913	24	2.93	2021-09-05 17:12::02
410	4189AB83	1441	28.8546	28.6668	28.4791	27.1648	28.6668	28.6668	28.6668	27.9158	24	2.93	2021-09-05 17:12::04
411	4189AB83	1442	28.2913	28.8546	28.6668	27.1648	28.2913	28.2913	28.6668	27.9158	24	2.93	2021-09-05 17:12::05
412	4189AB83	1444	29.0424	28.6668	28.4791	27.5403	28.4791	28.8546	28.4791	28.1036	24	2.93	2021-09-05 17:12::07
413	4189AB83	1445	28.4791	28.8546	28.4791	27.5403	28.4791	28.6668	28.8546	27.7281	24	2.93	2021-09-05 17:12::08
414	4189AB83	1446	28.6668	28.6668	28.4791	27.1648	28.2913	28.4791	28.4791	28.2913	24	2.93	2021-09-05 17:12::09
415	4189AB83	1447	28.6668	28.4791	28.8546	27.3526	28.4791	28.8546	28.6668	28.1036	24	2.93	2021-09-05 17:12::10
416	4189AB83	1449	28.4791	28.8546	28.6668	27.3526	28.4791	28.6668	28.6668	27.9158	24	2.93	2021-09-05 17:12::12
417	4189AB83	1450	29.0424	28.6668	28.2913	27.5403	28.2913	28.4791	28.6668	27.9158	24	2.93	2021-09-05 17:12::13
418	4189AB83	1451	28.6668	28.6668	28.6668	27.1648	28.4791	28.6668	28.2913	27.7281	24	2.93	2021-09-05 17:12::13
419	4189AB83	1452	28.8546	28.6668	28.8546	27.3526	28.6668	28.4791	28.4791	27.9158	24	2.93	2021-09-05 17:12::14
420	4189AB83	1453	28.6668	28.4791	28.8546	27.3526	28.6668	28.4791	28.4791	27.9158	24	2.93	2021-09-05 17:12::15
421	4189AB83	1454	28.4791	28.8546	28.4791	27.5403	28.2913	28.4791	28.6668	27.9158	24	2.93	2021-09-05 17:12::16
422	4189AB83	1455	28.8546	28.8546	28.4791	27.7281	28.6668	28.8546	28.6668	27.9158	24	2.93	2021-09-05 17:12::17
423	4189AB83	1457	28.6668	28.4791	28.6668	27.3526	28.4791	28.6668	28.2913	28.1036	24	2.93	2021-09-05 17:12::19
424	4189AB83	1458	28.6668	28.4791	28.4791	27.3526	28.2913	28.4791	28.8546	27.7281	24	2.93	2021-09-05 17:12::20
425	4189AB83	1459	28.6668	28.4791	28.4791	27.3526	28.8546	28.2913	29.0424	27.9158	24	2.93	2021-09-05 17:12::21
426	4189AB83	1460	28.6668	28.4791	28.6668	27.3526	28.6668	28.8546	28.2913	27.7281	24	2.93	2021-09-05 17:12::22
427	4189AB83	1461	28.8546	28.8546	28.6668	27.5403	28.4791	28.4791	28.6668	28.1036	24	2.93	2021-09-05 17:12::22
428	4189AB83	1462	28.6668	28.4791	28.6668	27.5403	28.6668	28.4791	28.6668	27.7281	24	2.93	2021-09-05 17:12::23
429	4189AB83	1463	28.6668	28.6668	28.6668	27.1648	28.2913	28.2913	28.6668	28.1036	24	2.93	2021-09-05 17:12::24
430	4189AB83	1464	28.6668	28.4791	29.0424	27.1648	28.8546	28.4791	28.8546	27.9158	24	2.93	2021-09-05 17:12::25
431	4189AB83	1465	28.6668	28.6668	28.4791	27.5403	28.4791	28.6668	28.8546	27.9158	24	2.93	2021-09-05 17:12::26
432	4189AB83	1466	28.2913	28.4791	28.8546	27.5403	28.2913	28.4791	28.6668	28.1036	24	2.93	2021-09-05 17:12::27
433	4189AB83	1468	28.6668	28.4791	29.0424	27.3526	28.4791	28.1036	28.4791	27.9158	24	2.93	2021-09-05 17:12::29
434	4189AB83	1470	28.4791	28.1036	28.6668	27.9158	28.2913	28.4791	28.8546	27.9158	24	2.93	2021-09-05 17:12::31
435	4189AB83	1471	28.4791	28.4791	28.4791	27.3526	28.4791	28.6668	28.2913	27.9158	24	2.93	2021-09-05 17:12::31
436	4189AB83	1472	28.4791	28.4791	28.4791	27.1648	28.8546	28.4791	28.4791	28.1036	24	2.93	2021-09-05 17:12::32
437	4189AB83	1473	28.4791	28.6668	28.4791	27.5403	28.4791	28.6668	28.4791	28.1036	24	2.93	2021-09-05 17:12::33
438	4189AB83	1474	28.6668	28.8546	28.2913	27.1648	28.6668	28.6668	28.4791	27.9158	24	2.93	2021-09-05 17:12::34
439	4189AB83	1475	28.4791	28.6668	28.6668	27.3526	28.6668	28.6668	28.6668	27.7281	24	2.93	2021-09-05 17:12::35
440	4189AB83	1476	28.2913	28.6668	28.6668	27.7281	28.8546	28.2913	28.8546	27.9158	24	2.93	2021-09-05 17:12::36
441	4189AB83	1477	28.4791	28.8546	28.1036	27.5403	28.2913	28.4791	28.4791	28.2913	24	2.93	2021-09-05 17:12::37
442	4189AB83	1478	28.6668	28.6668	28.1036	27.5403	28.4791	28.2913	28.2913	27.9158	24	2.93	2021-09-05 17:12::38
443	4189AB83	1479	28.6668	28.4791	28.6668	27.3526	28.4791	28.2913	28.4791	27.9158	24	2.93	2021-09-05 17:12::39
444	4189AB83	1481	28.6668	28.4791	28.6668	27.5403	28.4791	28.6668	28.8546	28.1036	24	2.93	2021-09-05 17:12::40
445	4189AB83	1483	28.2913	28.4791	28.6668	27.7281	28.4791	28.6668	28.6668	27.5403	24	2.93	2021-09-05 17:12::42
446	4189AB83	1484	28.4791	28.4791	28.8546	27.3526	28.1036	28.6668	28.8546	27.9158	24	2.93	2021-09-05 17:12::43
447	4189AB83	1485	28.6668	28.4791	28.6668	27.3526	28.4791	28.4791	28.6668	27.5403	24	2.93	2021-09-05 17:12::44
448	4189AB83	1486	28.4791	28.2913	28.6668	27.3526	28.2913	28.8546	28.4791	27.5403	24	2.93	2021-09-05 17:12::45
449	4189AB83	1487	28.4791	28.4791	28.2913	27.5403	28.8546	28.4791	28.6668	28.2913	24	2.93	2021-09-05 17:12::46
450	4189AB83	1488	28.1036	28.4791	28.2913	27.3526	28.4791	28.6668	28.1036	27.9158	24	2.93	2021-09-05 17:12::47
451	4189AB83	1489	28.4791	28.6668	28.4791	27.1648	28.4791	28.6668	28.2913	28.1036	24	2.93	2021-09-05 17:12::48
452	4189AB83	1490	28.4791	28.6668	28.1036	27.3526	28.6668	28.6668	28.4791	27.9158	24	2.93	2021-09-05 17:12::49
453	4189AB83	1491	28.4791	28.6668	28.4791	27.3526	28.2913	28.4791	28.2913	27.5403	24	2.93	2021-09-05 17:12::49
454	4189AB83	1492	28.6668	28.6668	29.0424	27.5403	28.2913	28.6668	28.2913	27.7281	24	2.93	2021-09-05 17:12::50
455	4189AB83	1494	28.4791	28.4791	28.4791	27.3526	28.2913	28.8546	28.4791	27.7281	24	2.93	2021-09-05 17:12::52
456	4189AB83	1496	28.2913	28.4791	28.4791	27.3526	28.1036	28.6668	28.4791	27.7281	24	2.93	2021-09-05 17:12::54
457	4189AB83	1497	28.2913	28.4791	28.4791	27.5403	28.2913	28.4791	28.4791	27.9158	24	2.93	2021-09-05 17:12::55
458	4189AB83	1498	28.4791	28.2913	28.4791	27.5403	28.4791	28.6668	28.4791	27.5403	24	2.93	2021-09-05 17:12::56
459	4189AB83	1499	28.8546	28.2913	28.4791	27.3526	28.2913	28.2913	28.8546	27.7281	24	2.93	2021-09-05 17:12::57
460	4189AB83	1500	28.8546	28.4791	28.4791	27.3526	28.6668	28.6668	28.8546	27.9158	24	2.93	2021-09-05 17:12::58
461	4189AB83	1501	28.4791	28.6668	28.1036	27.3526	28.2913	28.4791	28.6668	27.7281	24	2.93	2021-09-05 17:12::58
462	4189AB83	1502	28.1036	28.6668	28.2913	27.3526	28.4791	28.4791	28.4791	27.9158	24	2.93	2021-09-05 17:12::59
463	4189AB83	1504	28.4791	28.6668	28.2913	27.1648	28.2913	28.6668	28.4791	27.9158	24	2.93	2021-09-05 17:13::01
464	4189AB83	1505	28.4791	28.4791	28.4791	27.1648	28.4791	28.6668	28.2913	27.7281	24	2.93	2021-09-05 17:13::02
465	4189AB83	1506	28.2913	28.6668	28.6668	27.7281	28.2913	28.6668	28.6668	27.3526	24	2.93	2021-09-05 17:13::03
466	4189AB83	1507	28.6668	28.4791	28.2913	26.977	28.4791	28.2913	28.6668	27.7281	24	2.93	2021-09-05 17:13::04
467	4189AB83	1510	28.4791	28.8546	28.4791	27.3526	28.1036	28.4791	28.4791	27.9158	24	2.93	2021-09-05 17:13::07
468	4189AB83	1511	28.6668	28.4791	28.6668	27.3526	28.2913	28.6668	28.4791	27.5403	24	2.93	2021-09-05 17:13::07
469	4189AB83	1513	28.4791	28.4791	28.4791	27.3526	28.4791	28.4791	28.8546	27.7281	24	2.93	2021-09-05 17:13::09
470	4189AB83	1514	28.2913	28.6668	28.8546	27.3526	28.2913	28.2913	28.4791	28.1036	24	2.93	2021-09-05 17:13::10
471	4189AB83	1515	28.4791	28.2913	28.6668	27.3526	28.2913	28.2913	28.4791	27.9158	24	2.93	2021-09-05 17:13::11
472	4189AB83	1516	28.6668	28.4791	28.4791	27.5403	28.2913	28.4791	28.2913	27.9158	24	2.93	2021-09-05 17:13::12
473	4189AB83	1519	28.4791	28.4791	28.2913	27.5403	28.6668	28.8546	28.4791	27.9158	24	2.93	2021-09-05 17:13::15
474	4189AB83	1520	28.4791	28.8546	28.4791	27.3526	28.2913	28.4791	28.2913	27.9158	24	2.93	2021-09-05 17:13::16
475	4189AB83	1522	28.4791	28.2913	28.2913	27.3526	28.1036	28.1036	28.4791	28.1036	24	2.93	2021-09-05 17:13::17
476	4189AB83	1523	28.2913	28.8546	28.6668	27.5403	28.2913	28.4791	28.6668	27.7281	24	2.93	2021-09-05 17:13::18
477	4189AB83	1524	28.4791	28.6668	28.1036	27.7281	28.6668	28.4791	28.4791	27.9158	24	2.93	2021-09-05 17:13::19
478	4189AB83	1525	28.4791	28.4791	28.4791	27.9158	28.4791	28.2913	28.6668	27.9158	24	2.93	2021-09-05 17:13::20
479	4189AB83	1527	29.0424	28.4791	28.2913	27.3526	28.4791	28.6668	28.4791	27.7281	24	2.93	2021-09-05 17:13::22
480	4189AB83	1528	28.6668	28.4791	28.4791	27.3526	28.6668	28.4791	28.2913	27.5403	24	2.93	2021-09-05 17:13::23
481	4189AB83	1529	28.6668	28.4791	29.0424	27.3526	28.1036	28.8546	28.4791	27.7281	24	2.93	2021-09-05 17:13::24
482	4189AB83	1531	28.4791	28.4791	28.4791	27.5403	28.4791	28.4791	28.4791	27.5403	24	2.93	2021-09-05 17:13::25
483	4189AB83	1532	28.2913	28.6668	28.6668	26.977	28.2913	28.8546	28.2913	27.7281	24	2.93	2021-09-05 17:13::26
484	4189AB83	1533	28.4791	28.6668	28.6668	27.5403	28.2913	28.2913	28.4791	27.5403	24	2.93	2021-09-05 17:13::27
485	4189AB83	1534	28.4791	28.4791	28.4791	27.5403	28.6668	28.4791	28.6668	27.7281	24	2.93	2021-09-05 17:13::28
486	4189AB83	1536	28.2913	28.4791	28.8546	26.7893	28.6668	28.4791	28.2913	27.9158	24	2.93	2021-09-05 17:13::30
487	4189AB83	1537	28.6668	28.6668	28.6668	27.5403	28.4791	28.4791	28.6668	27.7281	24	2.93	2021-09-05 17:13::31
488	4189AB83	1538	28.2913	28.2913	28.6668	27.3526	28.4791	28.2913	28.2913	27.7281	24	2.93	2021-09-05 17:13::32
489	4189AB83	1540	28.4791	28.6668	28.2913	27.5403	28.4791	28.4791	28.8546	27.9158	24	2.93	2021-09-05 17:13::33
490	4189AB83	1541	28.6668	28.2913	28.2913	27.7281	28.2913	28.4791	28.4791	27.5403	24	2.93	2021-09-05 17:13::34
491	4189AB83	1542	28.4791	28.6668	28.8546	27.3526	28.4791	28.2913	28.4791	27.9158	24	2.93	2021-09-05 17:13::35
492	4189AB83	1543	28.2913	28.4791	28.4791	27.3526	28.6668	28.2913	28.4791	27.5403	24	2.93	2021-09-05 17:13::36
493	4189AB83	1545	28.6668	28.4791	28.4791	27.3526	28.8546	28.4791	28.6668	27.9158	24	2.93	2021-09-05 17:13::38
494	4189AB83	1546	28.4791	28.4791	28.6668	27.3526	28.4791	28.2913	28.4791	27.9158	24	2.93	2021-09-05 17:13::39
495	4189AB83	1547	28.8546	28.2913	28.4791	27.3526	28.4791	28.6668	28.8546	27.3526	24	2.93	2021-09-05 17:13::40
496	4189AB83	1548	28.4791	28.4791	28.2913	27.7281	28.2913	28.1036	28.4791	27.7281	24	2.93	2021-09-05 17:13::41
497	4189AB83	1549	28.6668	28.1036	28.4791	27.5403	28.2913	28.6668	29.0424	28.1036	24	2.93	2021-09-05 17:13::42
498	4189AB83	1550	27.9158	28.2913	28.4791	27.5403	28.8546	28.2913	28.4791	27.9158	24	2.93	2021-09-05 17:13::42
499	4189AB83	1551	29.0424	28.4791	28.4791	27.3526	28.2913	28.2913	28.4791	27.7281	24	2.93	2021-09-05 17:13::43
500	4189AB83	1553	28.1036	28.4791	28.2913	27.3526	28.4791	28.6668	28.1036	27.9158	24	2.93	2021-09-05 17:13::45
0.26
501	4189AB83	1554	28.4791	28.6668	28.4791	27.1648	28.4791	28.6668	28.2913	28.1036	24	2.93	2021-09-05 17:13::46
502	4189AB83	1555	28.4791	28.6668	28.1036	27.3526	28.6668	28.6668	28.4791	27.9158	24	2.93	2021-09-05 17:13::47
503	4189AB83	1556	28.4791	28.6668	28.4791	27.3526	28.2913	28.4791	28.2913	27.5403	24	2.93	2021-09-05 17:13::48
504	4189AB83	1557	28.6668	28.6668	29.0424	27.5403	28.2913	28.6668	28.2913	27.7281	24	2.93	2021-09-05 17:13::49
505	4189AB83	1560	28.4791	28.4791	28.4791	27.3526	28.2913	28.8546	28.4791	27.7281	24	2.93	2021-09-05 17:13::51
506	4189AB83	1561	28.2913	28.4791	28.4791	27.3526	28.1036	28.6668	28.4791	27.7281	24	2.93	2021-09-05 17:13::52
507	4189AB83	1562	28.2913	28.4791	28.4791	27.5403	28.2913	28.4791	28.4791	27.9158	24	2.93	2021-09-05 17:13::53
508	4189AB83	1563	28.4791	28.2913	28.4791	27.5403	28.4791	28.6668	28.4791	27.5403	24	2.93	2021-09-05 17:13::54
509	4189AB83	1564	28.8546	28.2913	28.4791	27.3526	28.2913	28.2913	28.8546	27.7281	24	2.93	2021-09-05 17:13::55
510	4189AB83	1565	28.8546	28.4791	28.4791	27.3526	28.6668	28.6668	28.8546	27.9158	24	2.93	2021-09-05 17:13::56
511	4189AB83	1566	28.4791	28.6668	28.1036	27.3526	28.2913	28.4791	28.6668	27.7281	24	2.93	2021-09-05 17:13::57
512	4189AB83	1568	28.1036	28.6668	28.2913	27.3526	28.4791	28.4791	28.4791	27.9158	24	2.93	2021-09-05 17:13::59
513	4189AB83	1569	28.4791	28.6668	28.2913	27.1648	28.2913	28.6668	28.4791	27.9158	24	2.93	2021-09-05 17:14::00
514	4189AB83	1570	28.4791	28.4791	28.4791	27.1648	28.4791	28.6668	28.2913	27.7281	24	2.93	2021-09-05 17:14::00
515	4189AB83	1571	28.2913	28.6668	28.6668	27.7281	28.2913	28.6668	28.6668	27.3526	24	2.93	2021-09-05 17:14::01
516	4189AB83	1572	28.6668	28.4791	28.2913	26.977	28.4791	28.2913	28.6668	27.7281	24	2.93	2021-09-05 17:14::02
517	4189AB83	1574	28.4791	28.8546	28.4791	27.3526	28.1036	28.4791	28.4791	27.9158	24	2.93	2021-09-05 17:14::04
518	4189AB83	1576	28.6668	28.4791	28.6668	27.3526	28.2913	28.6668	28.4791	27.5403	24	2.93	2021-09-05 17:14::06
519	4189AB83	1577	28.4791	28.4791	28.4791	27.3526	28.4791	28.4791	28.8546	27.7281	24	2.93	2021-09-05 17:14::07
520	4189AB83	1578	28.2913	28.6668	28.8546	27.3526	28.2913	28.2913	28.4791	28.1036	24	2.93	2021-09-05 17:14::08
521	4189AB83	1580	28.4791	28.2913	28.6668	27.3526	28.2913	28.2913	28.4791	27.9158	24	2.93	2021-09-05 17:14::09
522	4189AB83	1581	28.6668	28.4791	28.4791	27.5403	28.2913	28.4791	28.2913	27.9158	24	2.93	2021-09-05 17:14::10
523	4189AB83	1582	28.4791	28.4791	28.2913	27.5403	28.6668	28.8546	28.4791	27.9158	24	2.93	2021-09-05 17:14::11
524	4189AB83	1583	28.4791	28.8546	28.4791	27.3526	28.2913	28.4791	28.2913	27.9158	24	2.93	2021-09-05 17:14::12
525	4189AB83	1584	28.4791	28.2913	28.2913	27.3526	28.1036	28.1036	28.4791	28.1036	24	2.93	2021-09-05 17:14::13
526	4189AB83	1585	28.2913	28.8546	28.6668	27.5403	28.2913	28.4791	28.6668	27.7281	24	2.93	2021-09-05 17:14::14
527	4189AB83	1586	28.4791	28.6668	28.1036	27.7281	28.6668	28.4791	28.4791	27.9158	24	2.93	2021-09-05 17:14::15
528	4189AB83	1586	28.4791	28.4791	28.4791	27.9158	28.4791	28.2913	28.6668	27.9158	24	2.93	2021-09-05 17:14::15
529	4189AB83	1587	29.0424	28.4791	28.2913	27.3526	28.4791	28.6668	28.4791	27.7281	24	2.93	2021-09-05 17:14::16
530	4189AB83	1589	28.6668	28.4791	28.4791	27.3526	28.6668	28.4791	28.2913	27.5403	24	2.93	2021-09-05 17:14::18
531	4189AB83	1590	28.6668	28.4791	29.0424	27.3526	28.1036	28.8546	28.4791	27.7281	24	2.93	2021-09-05 17:14::18
532	4189AB83	1591	28.4791	28.4791	28.4791	27.5403	28.4791	28.4791	28.4791	27.5403	24	2.93	2021-09-05 17:14::19
533	4189AB83	1592	28.2913	28.6668	28.6668	26.977	28.2913	28.8546	28.2913	27.7281	24	2.93	2021-09-05 17:14::20
534	4189AB83	1594	28.4791	28.6668	28.6668	27.5403	28.2913	28.2913	28.4791	27.5403	24	2.93	2021-09-05 17:14::22
535	4189AB83	1595	28.4791	28.4791	28.4791	27.5403	28.6668	28.4791	28.6668	27.7281	24	2.93	2021-09-05 17:14::23
536	4189AB83	1596	28.2913	28.4791	28.8546	26.7893	28.6668	28.4791	28.2913	27.9158	24	2.93	2021-09-05 17:14::24
537	4189AB83	1597	28.6668	28.6668	28.6668	27.5403	28.4791	28.4791	28.6668	27.7281	24	2.93	2021-09-05 17:14::25
538	4189AB83	1598	28.2913	28.2913	28.6668	27.3526	28.4791	28.2913	28.2913	27.7281	24	2.93	2021-09-05 17:14::26
539	4189AB83	1599	28.4791	28.6668	28.2913	27.5403	28.4791	28.4791	28.8546	27.9158	24	2.93	2021-09-05 17:14::27
540	4189AB83	1600	28.6668	28.2913	28.2913	27.7281	28.2913	28.4791	28.4791	27.5403	24	2.93	2021-09-05 17:14::27
541	4189AB83	1602	28.4791	28.6668	28.8546	27.3526	28.4791	28.2913	28.4791	27.9158	24	2.93	2021-09-05 17:14::29
542	4189AB83	1604	28.2913	28.4791	28.4791	27.3526	28.6668	28.2913	28.4791	27.5403	24	2.93	2021-09-05 17:14::31
543	4189AB83	1605	28.6668	28.4791	28.4791	27.3526	28.8546	28.4791	28.6668	27.9158	24	2.93	2021-09-05 17:14::32
544	4189AB83	1606	28.4791	28.4791	28.6668	27.3526	28.4791	28.2913	28.4791	27.9158	24	2.93	2021-09-05 17:14::33
545	4189AB83	1607	28.8546	28.2913	28.4791	27.3526	28.4791	28.6668	28.8546	27.3526	24	2.93	2021-09-05 17:14::34
546	4189AB83	1609	28.4791	28.4791	28.2913	27.7281	28.2913	28.1036	28.4791	27.7281	24	2.93	2021-09-05 17:14::36
547	4189AB83	1611	28.6668	28.1036	28.4791	27.5403	28.2913	28.6668	29.0424	28.1036	24	2.93	2021-09-05 17:14::37
548	4189AB83	1613	27.9158	28.2913	28.4791	27.5403	28.8546	28.2913	28.4791	27.9158	24	2.93	2021-09-05 17:14::39
549	4189AB83	1614	29.0424	28.4791	28.4791	27.3526	28.2913	28.2913	28.4791	27.7281	24	2.93	2021-09-05 17:14::40
550	4189AB83	1615	28.2913	28.2913	28.8546	27.1648	28.4791	28.4791	28.4791	27.7281	24	2.93	2021-09-05 17:14::41
551	4189AB83	1616	28.4791	28.2913	28.6668	27.1648	28.2913	28.6668	28.4791	27.9158	24	2.93	2021-09-05 17:14::42
552	4189AB83	1618	28.4791	28.6668	28.4791	27.5403	28.2913	28.6668	28.6668	27.7281	24	2.93	2021-09-05 17:14::44
553	4189AB83	1619	28.2913	28.4791	28.4791	27.3526	28.2913	28.2913	28.4791	27.7281	24	2.93	2021-09-05 17:14::45
554	4189AB83	1620	28.4791	28.4791	28.6668	27.5403	28.4791	28.4791	28.1036	27.7281	24	2.93	2021-09-05 17:14::45
555	4189AB83	1621	28.6668	28.4791	28.4791	27.5403	28.4791	28.4791	28.6668	27.3526	24	2.93	2021-09-05 17:14::46
556	4189AB83	1622	28.6668	28.2913	28.2913	27.3526	28.2913	28.6668	28.2913	27.9158	24	2.93	2021-09-05 17:14::47
557	4189AB83	1623	28.4791	28.6668	28.6668	27.3526	28.4791	28.4791	28.2913	27.5403	24	2.93	2021-09-05 17:14::48
558	4189AB83	1624	28.4791	28.6668	28.6668	27.1648	28.2913	28.4791	28.6668	27.9158	24	2.93	2021-09-05 17:14::49
559	4189AB83	1626	28.4791	28.1036	28.4791	27.1648	28.4791	28.2913	28.4791	27.5403	24	2.93	2021-09-05 17:14::51
560	4189AB83	1627	28.4791	28.4791	28.4791	27.3526	28.4791	28.1036	28.4791	27.7281	24	2.93	2021-09-05 17:14::52
561	4189AB83	1628	28.4791	28.1036	28.2913	27.3526	28.6668	28.4791	28.1036	27.5403	24	2.93	2021-09-05 17:14::53
562	4189AB83	1629	28.8546	28.1036	28.4791	27.3526	28.6668	28.6668	28.6668	27.9158	24	2.93	2021-09-05 17:14::54
563	4189AB83	1631	28.2913	28.1036	28.4791	27.1648	28.4791	28.1036	28.6668	27.7281	24	2.93	2021-09-05 17:14::55
564	4189AB83	1632	28.4791	29.0424	28.6668	27.1648	28.6668	28.2913	28.4791	27.7281	24	2.93	2021-09-05 17:14::56
565	4189AB83	1633	28.6668	28.6668	28.4791	27.1648	28.6668	28.2913	28.2913	27.7281	24	2.93	2021-09-05 17:14::57
566	4189AB83	1634	28.2913	28.2913	28.4791	27.5403	28.2913	28.2913	28.4791	27.7281	24	2.93	2021-09-05 17:14::58
567	4189AB83	1635	28.4791	28.6668	28.1036	27.3526	28.2913	28.6668	28.2913	27.9158	24	2.93	2021-09-05 17:14::59
568	4189AB83	1636	28.4791	28.4791	28.4791	27.5403	28.6668	28.2913	28.2913	27.5403	24	2.93	2021-09-05 17:15::00
569	4189AB83	1637	28.6668	28.2913	28.4791	27.3526	28.6668	28.6668	28.4791	27.7281	24	2.93	2021-09-05 17:15::01
570	4189AB83	1639	28.4791	28.6668	28.4791	27.1648	28.6668	28.8546	28.1036	27.3526	24	2.93	2021-09-05 17:15::03
571	4189AB83	1641	28.2913	28.4791	28.4791	27.5403	28.4791	28.2913	28.6668	27.7281	24	2.93	2021-09-05 17:15::04
572	4189AB83	1642	28.6668	28.4791	28.4791	27.3526	28.2913	28.6668	28.4791	27.3526	24	2.93	2021-09-05 17:15::05
573	4189AB83	1643	28.4791	28.6668	28.4791	27.3526	28.2913	28.4791	28.4791	27.3526	24	2.93	2021-09-05 17:15::06
574	4189AB83	1644	28.8546	28.2913	28.4791	27.3526	28.4791	28.6668	28.4791	27.7281	24	2.93	2021-09-05 17:15::07
575	4189AB83	1645	28.8546	28.4791	28.2913	26.977	28.6668	28.2913	28.1036	27.7281	24	2.93	2021-09-05 17:15::08
576	4189AB83	1646	28.2913	28.6668	28.2913	27.7281	28.1036	28.6668	28.4791	27.5403	24	2.93	2021-09-05 17:15::09
577	4189AB83	1648	28.2913	28.2913	28.4791	27.5403	28.2913	28.2913	28.4791	27.9158	24	2.93	2021-09-05 17:15::11
578	4189AB83	1649	28.4791	28.2913	28.6668	26.977	28.2913	28.8546	28.1036	27.5403	24	2.93	2021-09-05 17:15::12
579	4189AB83	1650	28.2913	28.2913	28.6668	27.1648	28.4791	28.2913	28.4791	27.9158	24	2.93	2021-09-05 17:15::12
580	4189AB83	1651	28.2913	28.4791	28.8546	27.5403	28.6668	28.2913	28.4791	27.5403	24	2.93	2021-09-05 17:15::13
581	4189AB83	1653	28.2913	28.6668	28.2913	27.1648	28.4791	28.6668	28.8546	27.7281	24	2.93	2021-09-05 17:15::15
582	4189AB83	1655	28.4791	28.4791	28.1036	27.3526	28.6668	28.4791	28.4791	27.7281	24	2.93	2021-09-05 17:15::17
583	4189AB83	1656	28.6668	28.4791	28.4791	27.5403	28.4791	28.4791	28.4791	27.5403	24	2.93	2021-09-05 17:15::18
584	4189AB83	1657	28.8546	28.2913	28.4791	27.3526	28.1036	28.6668	28.2913	27.7281	24	2.93	2021-09-05 17:15::19
585	4189AB83	1658	28.6668	28.4791	28.6668	27.3526	27.9158	28.4791	28.6668	27.3526	24	2.93	2021-09-05 17:15::20
586	4189AB83	1659	28.4791	28.6668	28.4791	27.3526	28.1036	28.1036	28.4791	27.9158	24	2.93	2021-09-05 17:15::21
587	4189AB83	1660	28.6668	28.4791	28.4791	27.5403	28.4791	28.4791	28.2913	27.5403	24	2.93	2021-09-05 17:15::21
588	4189AB83	1661	28.6668	28.6668	28.4791	27.5403	28.2913	28.4791	28.2913	27.7281	24	2.93	2021-09-05 17:15::22
589	4189AB83	1663	28.4791	28.2913	28.6668	27.5403	28.4791	28.6668	28.2913	27.7281	24	2.93	2021-09-05 17:15::24
590	4189AB83	1664	28.6668	28.2913	28.8546	27.3526	28.8546	28.2913	28.4791	27.7281	24	2.93	2021-09-05 17:15::25
591	4189AB83	1665	28.2913	28.2913	28.2913	27.5403	28.2913	28.6668	28.4791	27.5403	24	2.93	2021-09-05 17:15::26
592	4189AB83	1666	28.6668	28.6668	28.2913	27.5403	28.8546	28.4791	28.4791	27.5403	24	2.93	2021-09-05 17:15::27
593	4189AB83	1668	28.4791	28.4791	28.6668	27.5403	28.4791	28.4791	28.4791	27.5403	24	2.93	2021-09-05 17:15::29
594	4189AB83	1669	28.4791	28.6668	28.2913	27.5403	28.4791	27.9158	28.2913	27.5403	24	2.93	2021-09-05 17:15::30
