4189AB83	3118	0	0	0	0	0	0	0	0	27	3.27	2021-09-01 17:14::58
22	4189AB83	3118	30.9158	30.7281	30.7281	30.3526	31.1036	30.9158	30.9158	43.3077	27	3.27	2021-09-01 17:14::58
23	4189AB83	3119	30.5403	30.9158	30.9158	30.7281	30.7281	30.5403	30.9158	42.9322	27	3.27	2021-09-01 17:14::59
24	4189AB83	3120	30.7281	30.7281	30.9158	30.3526	30.5403	31.1036	30.7281	42.5567	27	3.27	2021-09-01 17:15::00
25	4189AB83	3121	-51.0842	-51.4597	-51.4597	-51.6474	-51.0842	-51.2719	-51.6474	-51.6474	-55	1.22	2021-09-01 17:15::01
26	4189AB83	3122	30.9158	31.1036	30.7281	30.1648	30.9158	30.5403	30.5403	43.1199	27	3.27	2021-09-01 17:15::02
27	0	3072	28.3526	28.3526	28.3526	28.3526	-2554.6	-1788.56	1892.39	3248.73	25	1.23	2021-09-01 17:15::03
28	4189AB83	3124	30.9158	30.7281	30.7281	30.5403	30.7281	31.1036	30.9158	42.5567	27	3.27	2021-09-01 17:15::04
29	4189AB83	3125	30.7281	30.9158	30.9158	30.5403	30.7281	31.1036	30.7281	42.1811	27	3.27	2021-09-01 17:15::04
30	4189AB83	3126	30.7281	30.3526	30.9158	30.3526	30.5403	30.9158	30.9158	42.3689	27	3.27	2021-09-01 17:15::05
31	4189AB83	3127	31.4791	30.5403	30.7281	30.5403	30.5403	30.7281	30.9158	42.3689	27	3.27	2021-09-01 17:15::06
32	4189AB83	3128	30.9158	30.7281	30.7281	30.3526	30.9158	30.7281	30.9158	42.1811	27	3.27	2021-09-01 17:15::07
33	4189AB83	3129	31.1036	30.7281	30.7281	30.1648	31.1036	30.7281	30.7281	41.9934	27	3.27	2021-09-01 17:15::08
34	4189AB83	3130	30.9158	30.5403	30.9158	30.3526	30.7281	31.1036	31.1036	42.3689	27	3.27	2021-09-01 17:15::09
35	4189AB83	3131	30.9158	30.7281	30.7281	30.3526	30.7281	30.9158	30.7281	41.8056	27	3.27	2021-09-01 17:15::10
36	4189AB83	3132	-50.8964	-51.4597	-51.2719	-51.4597	-51.0842	-51.0842	-51.6474	-51.6474	-55	1.22	2021-09-01 17:15::11
37	4189AB83	3133	-51.4597	-51.0842	-51.6474	-51.6474	-51.6474	-51.6474	-51.6474	-51.6474	-55	1.22	2021-09-01 17:15::12
38	4189AB83	3134	30.7281	31.1036	30.9158	29.977	30.9158	30.9158	30.9158	41.2424	27	3.27	2021-09-01 17:15::13
39	4189AB83	3135	30.7281	30.9158	30.7281	30.5403	31.1036	30.7281	30.7281	41.8056	27	3.27	2021-09-01 17:15::13
40	4189AB83	3136	30.7281	30.7281	30.7281	30.1648	30.9158	30.9158	30.9158	40.8669	27	3.27	2021-09-01 17:15::14
41	4189AB83	3137	30.5403	31.2913	30.7281	30.3526	30.9158	30.5403	31.1036	40.8669	27	3.27	2021-09-01 17:15::15
42	4189AB83	3138	30.7281	31.1036	30.9158	30.3526	31.2913	30.5403	30.9158	41.0546	27	3.27	2021-09-01 17:15::16
43	4189AB83	3139	30.9158	30.7281	30.9158	30.5403	30.9158	30.7281	30.7281	40.8669	27	3.27	2021-09-01 17:15::17
44	4189AB83	3140	30.7281	30.9158	31.1036	30.5403	30.7281	30.9158	30.7281	41.2424	27	3.27	2021-09-01 17:15::18
45	4189AB83	3141	30.9158	30.9158	30.7281	30.3526	30.9158	30.7281	31.2913	40.6791	27	3.27	2021-09-01 17:15::19
46	4189AB83	3142	30.7281	30.9158	30.9158	30.1648	30.9158	30.5403	30.5403	40.6791	27	3.27	2021-09-01 17:15::20
47	4189AB83	3143	31.2913	30.9158	30.7281	30.7281	30.5403	30.5403	30.5403	40.4913	27	3.27	2021-09-01 17:15::21
48	4189AB83	3144	-51.2719	-51.0842	-51.2719	-51.8352	-51.0842	-51.2719	-51.6474	-51.6474	-55	1.22	2021-09-01 17:15::22
49	4189AB83	3145	30.9158	30.7281	30.9158	30.9158	30.9158	30.9158	31.1036	40.4913	27	3.27	2021-09-01 17:15::22
50	4189AB83	3146	30.7281	30.7281	30.7281	30.3526	30.7281	31.1036	30.5403	40.1158	27	3.27	2021-09-01 17:15::23
51	4189AB83	3147	30.9158	31.1036	30.7281	30.1648	30.9158	30.7281	30.9158	39.9281	27	3.27	2021-09-01 17:15::24
52	4189AB83	3148	30.7281	30.9158	30.9158	30.5403	30.9158	30.9158	30.7281	40.1158	27	3.27	2021-09-01 17:15::25
53	4189AB83	3149	30.9158	30.9158	31.1036	30.3526	30.9158	30.5403	30.9158	39.9281	27	3.27	2021-09-01 17:15::26
54	4189AB83	3150	30.9158	30.9158	30.9158	30.5403	30.9158	30.7281	30.7281	39.9281	27	3.27	2021-09-01 17:15::27
55	4189AB83	3151	30.9158	31.1036	30.9158	30.5403	30.7281	30.7281	30.5403	39.9281	27	3.27	2021-09-01 17:15::28
56	4189AB83	3152	30.9158	31.1036	30.9158	30.3526	30.7281	30.9158	30.9158	39.9281	27	3.27	2021-09-01 17:15::29
57	4189AB83	3153	30.7281	30.9158	30.7281	30.3526	30.7281	30.9158	31.1036	39.7403	27	3.27	2021-09-01 17:15::30
58	4189AB83	3154	31.1036	30.9158	30.9158	30.5403	30.9158	30.9158	30.7281	39.5526	27	3.27	2021-09-01 17:15::31
59	4189AB83	3156	30.5403	30.7281	30.9158	30.5403	30.3526	30.9158	30.7281	39.3648	27	3.27	2021-09-01 17:15::32
60	4189AB83	3157	30.9158	30.9158	31.1036	30.5403	31.1036	30.9158	30.9158	39.3648	27	3.27	2021-09-01 17:15::33
61	4189AB83	3158	31.1036	30.7281	30.9158	30.3526	30.9158	30.9158	31.2913	39.5526	27	3.27	2021-09-01 17:15::34
62	4189AB83	3159	30.9158	30.5403	30.5403	30.3526	31.1036	30.7281	30.9158	39.1771	27	3.27	2021-09-01 17:15::35
63	4189AB83	3160	30.2913	29.7281	29.7281	29.3526	29.9158	29.9158	29.7281	38.5526	26	3.27	2021-09-01 17:15::36
64	4189AB83	3161	30.5403	30.9158	30.5403	30.3526	30.7281	30.9158	31.1036	39.3648	27	3.27	2021-09-01 17:15::37
65	4189AB83	3162	-51.0842	-51.0842	-51.2719	-51.4597	-51.0842	-51.4597	-51.2719	-43.0107	-55	1.22	2021-09-01 17:15::38
66	4189AB83	3163	30.9158	31.1036	30.7281	30.5403	31.1036	30.7281	30.5403	39.3648	27	3.27	2021-09-01 17:15::39
67	4189AB83	3164	30.7281	30.9158	30.9158	30.7281	30.7281	31.2913	31.1036	38.9893	27	3.27	2021-09-01 17:15::40
68	0	3072	28.3526	28.3526	28.3526	28.3526	-437.468	-1797.57	1892.39	3537.12	25	1.23	2021-09-01 17:15::40
69	4189AB83	3166	31.1036	31.1036	30.7281	30.5403	30.7281	30.7281	30.9158	38.8016	27	3.27	2021-09-01 17:15::41
70	4189AB83	3167	29.9158	29.9158	29.9158	29.7281	29.9158	30.1036	29.9158	37.8016	26	3.27	2021-09-01 17:15::42
71	4189AB83	3168	30.1036	29.9158	30.1036	29.3526	30.1036	30.1036	30.2913	37.2383	26	3.27	2021-09-01 17:15::43
72	4189AB83	3169	30.9158	30.9158	31.1036	30.1648	30.9158	30.9158	30.7281	38.8016	27	3.27	2021-09-01 17:15::44
73	4189AB83	3170	29.9158	29.9158	29.9158	29.1648	29.7281	29.5403	30.1036	37.426	26	3.27	2021-09-01 17:15::45
74	4189AB83	3171	30.1036	29.9158	29.9158	29.3526	29.9158	30.1036	29.9158	37.2383	26	3.27	2021-09-01 17:15::46
75	4189AB83	3172	31.1036	30.7281	30.7281	30.5403	30.9158	31.1036	31.2913	38.0505	27	3.27	2021-09-01 17:15::47
76	4189AB83	3174	30.1036	29.7281	29.7281	29.5403	29.9158	29.7281	30.1036	37.2383	26	3.27	2021-09-01 17:15::49
77	4189AB83	3175	30.9158	31.1036	31.2913	30.5403	30.9158	30.7281	30.9158	38.2383	27	3.27	2021-09-01 17:15::49
78	4189AB83	3176	29.9158	30.1036	29.9158	29.7281	29.9158	29.7281	29.9158	36.8628	26	3.27	2021-09-01 17:15::50
79	4189AB83	3177	29.9158	30.1036	30.1036	29.3526	29.9158	30.1036	29.9158	37.0505	26	3.27	2021-09-01 17:15::51
80	4189AB83	3178	31.1036	30.9158	30.5403	30.3526	30.9158	30.9158	31.1036	37.8628	27	3.27	2021-09-01 17:15::52
81	4189AB83	3179	30.9158	30.9158	31.1036	30.5403	30.9158	31.2913	30.7281	37.4873	27	3.27	2021-09-01 17:15::53
82	4189AB83	3180	29.9158	29.7281	30.2913	29.1648	29.7281	29.7281	29.7281	36.675	26	3.27	2021-09-01 17:15::54
83	4189AB83	3181	30.1036	29.7281	29.9158	29.3526	29.9158	30.1036	29.7281	36.4873	26	3.27	2021-09-01 17:15::55
84	4189AB83	3182	30.1036	29.9158	29.7281	29.3526	29.9158	29.7281	30.1036	36.675	26	3.27	2021-09-01 17:15::56
85	4189AB83	3183	-51.2719	-51.2719	-51.0842	-51.6474	-51.6474	-51.6474	-51.6474	-51.6474	-55	1.22	2021-09-01 17:15::57
86	4189AB83	3184	30.9158	30.9158	30.9158	30.3526	30.7281	30.9158	31.1036	37.4873	27	3.27	2021-09-01 17:15::58
87	4189AB83	3186	30.9158	31.2913	31.1036	30.3526	31.1036	30.9158	30.9158	37.4873	27	3.27	2021-09-01 17:15::59
88	4189AB83	3187	31.2913	31.2913	30.7281	30.5403	31.1036	30.7281	30.7281	37.1118	27	3.27	2021-09-01 17:16::00
89	4189AB83	3188	30.9158	30.9158	30.7281	30.1648	31.1036	31.1036	30.9158	37.1118	27	3.27	2021-09-01 17:16::01
90	4189AB83	3189	30.9158	30.9158	30.7281	30.5403	30.9158	30.9158	30.9158	37.4873	27	3.27	2021-09-01 17:16::02
91	4189AB83	3190	29.9158	30.2913	30.1036	29.3526	29.9158	29.9158	30.1036	36.2995	26	3.27	2021-09-01 17:16::03
92	4189AB83	3192	31.2913	30.7281	31.1036	30.5403	30.7281	31.1036	30.7281	37.4873	27	3.27	2021-09-01 17:16::05
93	4189AB83	3193	29.9158	29.9158	30.1036	29.3526	29.5403	29.9158	30.1036	36.1118	26	3.27	2021-09-01 17:16::06
94	4189AB83	3194	29.9158	29.9158	30.1036	29.5403	30.1036	30.1036	29.7281	35.924	26	3.27	2021-09-01 17:16::07
95	4189AB83	3196	-51.0842	-51.0842	-51.0842	-51.6474	-51.6474	-51.6474	-51.6474	-51.6474	-55	1.22	2021-09-01 17:16::08
96	4189AB83	3197	29.7281	30.1036	29.9158	29.5403	30.2913	30.2913	30.2913	36.1118	26	3.27	2021-09-01 17:16::09
97	4189AB83	3198	31.1036	30.9158	30.9158	30.3526	30.9158	30.9158	30.9158	37.1118	27	3.27	2021-09-01 17:16::10
98	4189AB83	3200	29.9158	29.7281	30.1036	29.5403	29.7281	29.9158	30.1036	35.7362	26	3.27	2021-09-01 17:16::12
99	4189AB83	3201	29.9158	30.1036	29.9158	29.3526	30.1036	29.9158	29.7281	35.7362	26	3.27	2021-09-01 17:16::13
100	4189AB83	3202	30.9158	30.7281	30.7281	30.5403	30.9158	30.9158	30.7281	46.124	-55	1.22	2021-09-01 17:16::14
0.06
101	83	3203	30.7281	30.5403	30.9158	30.3526	30.9158	30.5403	30.7281	45.9363	25	1.23	2021-09-01 17:16::15
102	4189AB83	3204	30.9158	30.7281	30.9158	30.3526	30.3526	31.1036	30.5403	45.373	27	3.27	2021-09-01 17:16::16
103	4189AB83	3205	30.7281	30.7281	31.1036	30.3526	30.9158	30.7281	30.9158	45.1852	26	3.27	2021-09-01 17:16::16
104	4189AB83	3206	30.9158	30.7281	30.7281	30.3526	30.9158	31.1036	30.7281	45.1852	26	3.27	2021-09-01 17:16::17
105	4189AB83	3207	31.1036	30.9158	31.1036	30.5403	30.5403	30.5403	30.5403	44.2465	26	3.27	2021-09-01 17:16::18
106	4189AB83	3208	30.9158	31.1036	30.5403	30.3526	30.9158	30.5403	30.7281	44.0587	26	3.27	2021-09-01 17:16::19
107	4189AB83	3209	30.7281	30.5403	30.9158	30.1648	30.9158	30.9158	30.7281	44.2465	26	3.27	2021-09-01 17:16::20
108	4189AB83	3210	31.1036	30.7281	30.7281	30.5403	30.7281	30.9158	30.3526	43.6832	26	3.27	2021-09-01 17:16::21
109	4189AB83	3211	30.5403	30.9158	31.1036	30.3526	30.5403	30.9158	30.7281	43.3077	26	3.27	2021-09-01 17:16::22
110	4189AB83	3212	30.9158	30.7281	30.7281	30.3526	31.1036	30.9158	30.9158	43.3077	26	3.27	2021-09-01 17:16::23
111	4189AB83	3213	30.5403	30.9158	30.9158	30.7281	30.7281	30.5403	30.9158	42.9322	27	3.27	2021-09-01 17:16::24
112	4189AB83	3214	-51.0842	-51.4597	-51.4597	-51.6474	-51.0842	-51.2719	-51.6474	-51.6474	-55	1.22	2021-09-01 17:16::25
113	4189AB83	3215	28.3526	28.3526	28.3526	28.3526	-2554.6	-1788.56	1892.39	3248.73	26	3.27	2021-09-01 17:16::25
114	4189AB83	3216	30.7281	30.9158	30.9158	30.5403	30.7281	31.1036	30.7281	42.1811	27	3.27	2021-09-01 17:16::26
115	4189AB83	3217	31.4791	30.5403	30.7281	30.5403	30.5403	30.7281	30.9158	42.3689	26	3.27	2021-09-01 17:16::27
116	4189AB83	3219	31.1036	30.7281	30.7281	30.1648	31.1036	30.7281	30.7281	41.9934	26	3.27	2021-09-01 17:16::29
117	4189AB83	3220	30.9158	30.7281	30.7281	30.3526	30.7281	30.9158	30.7281	41.8056	27	3.27	2021-09-01 17:16::30
118	4189AB83	3221	-51.4597	-51.0842	-51.6474	-51.6474	-51.6474	-51.6474	-51.6474	-51.6474	27	3.27	2021-09-01 17:16::31
119	4189AB83	3222	30.7281	30.9158	30.7281	30.5403	31.1036	30.7281	30.7281	41.8056	26	3.27	2021-09-01 17:16::32
120	4189AB83	3223	30.5403	31.2913	30.7281	30.3526	30.9158	30.5403	31.1036	40.8669	26	3.27	2021-09-01 17:16::33
121	4189AB83	3224	30.9158	30.7281	30.9158	30.5403	30.9158	30.7281	30.7281	40.8669	27	3.27	2021-09-01 17:16::34
122	4189AB83	3225	30.9158	30.9158	30.7281	30.3526	30.9158	30.7281	31.2913	40.6791	26	3.27	2021-09-01 17:16::34
123	4189AB83	3226	31.2913	30.9158	30.7281	30.7281	30.5403	30.5403	30.5403	40.4913	26	3.27	2021-09-01 17:16::35
124	4189AB83	3227	30.9158	30.7281	30.9158	30.9158	30.9158	30.9158	31.1036	40.4913	26	3.27	2021-09-01 17:16::36
125	4189AB83	3228	30.9158	31.1036	30.7281	30.1648	30.9158	30.7281	30.9158	39.9281	26	3.27	2021-09-01 17:16::37
126	4189AB83	3229	30.9158	30.9158	31.1036	30.3526	30.9158	30.5403	30.9158	39.9281	-55	1.22	2021-09-01 17:16::38
127	4189AB83	3231	30.9158	31.1036	30.9158	30.5403	30.7281	30.7281	30.5403	39.9281	26	3.27	2021-09-01 17:16::40
128	4189AB83	3232	30.7281	30.9158	30.7281	30.3526	30.7281	30.9158	31.1036	39.7403	26	3.27	2021-09-01 17:16::41
129	4189AB83	3233	30.5403	30.7281	30.9158	30.5403	30.3526	30.9158	30.7281	39.3648	26	3.27	2021-09-01 17:16::42
130	4189AB83	3234	31.1036	30.7281	30.9158	30.3526	30.9158	30.9158	31.2913	39.5526	-55	1.22	2021-09-01 17:16::42
131	4189AB83	3235	30.2913	29.7281	29.7281	29.3526	29.9158	29.9158	29.7281	38.5526	26	3.27	2021-09-01 17:16::43
132	0	3072	-51.0842	-51.0842	-51.2719	-51.4597	-51.0842	-51.4597	-51.2719	-43.0107	25	1.23	2021-09-01 17:16::44
133	4189AB83	3237	30.7281	30.9158	30.9158	30.7281	30.7281	31.2913	31.1036	38.9893	26	3.27	2021-09-01 17:16::45
134	4189AB83	3238	31.1036	31.1036	30.7281	30.5403	30.7281	30.7281	30.9158	38.8016	26	3.27	2021-09-01 17:16::46
135	4189AB83	3239	30.1036	29.9158	30.1036	29.3526	30.1036	30.1036	30.2913	37.2383	27	3.27	2021-09-01 17:16::47
136	4189AB83	3240	29.9158	29.9158	29.9158	29.1648	29.7281	29.5403	30.1036	37.426	26	3.27	2021-09-01 17:16::48
137	4189AB83	3241	31.1036	30.7281	30.7281	30.5403	30.9158	31.1036	31.2913	38.0505	26	3.27	2021-09-01 17:16::49
138	4189AB83	3242	30.9158	31.1036	31.2913	30.5403	30.9158	30.7281	30.9158	38.2383	26	3.27	2021-09-01 17:16::50
139	4189AB83	3243	29.9158	30.1036	30.1036	29.3526	29.9158	30.1036	29.9158	37.0505	26	3.27	2021-09-01 17:16::51
140	4189AB83	3244	30.9158	30.9158	31.1036	30.5403	30.9158	31.2913	30.7281	37.4873	26	3.27	2021-09-01 17:16::52
141	4189AB83	3245	30.1036	29.7281	29.9158	29.3526	29.9158	30.1036	29.7281	36.4873	-55	1.22	2021-09-01 17:16::52
142	4189AB83	3246	-51.2719	-51.2719	-51.0842	-51.6474	-51.6474	-51.6474	-51.6474	-51.6474	26	3.27	2021-09-01 17:16::53
143	4189AB83	3247	30.9158	31.2913	31.1036	30.3526	31.1036	30.9158	30.9158	37.4873	-55	1.22	2021-09-01 17:16::54
144	FF0047	0	30.9158	30.9158	30.7281	30.1648	31.1036	31.1036	30.9158	37.1118	25	1.23	2021-09-01 17:16::55
145	4189AB83	3249	29.9158	30.2913	30.1036	29.3526	29.9158	29.9158	30.1036	36.2995	27	3.27	2021-09-01 17:16::56
146	4189AB83	3250	29.9158	29.9158	30.1036	29.3526	29.5403	29.9158	30.1036	36.1118	26	3.27	2021-09-01 17:16::57
147	4189AB83	3251	-51.0842	-51.0842	-51.0842	-51.6474	-51.6474	-51.6474	-51.6474	-51.6474	26	3.27	2021-09-01 17:16::58
148	4189AB83	3253	31.1036	30.9158	30.9158	30.3526	30.9158	30.9158	30.9158	37.1118	26	3.27	2021-09-01 17:17::00
149	4189AB83	3254	29.9158	30.1036	29.9158	29.3526	30.1036	29.9158	29.7281	35.7362	26	3.27	2021-09-01 17:17::01
150	4189AB83	3255	28.3526	28.3526	28.3526	28.3526	3032.25	-1751	1892.39	3633.26	26	3.27	2021-09-01 17:17::01
151	4189AB83	3256	29.9158	29.9158	29.7281	29.5403	29.5403	30.4791	30.2913	35.3607	26	3.27	2021-09-01 17:17::02
152	4189AB83	3257	29.9158	30.1036	29.7281	29.5403	30.4791	29.7281	29.5403	35.173	26	3.27	2021-09-01 17:17::03
153	4189AB83	3258	29.7281	30.1036	30.1036	29.7281	29.9158	29.9158	29.9158	35.3607	26	3.27	2021-09-01 17:17::04
154	4189AB83	3259	29.7281	29.7281	29.9158	29.7281	30.1036	29.7281	30.1036	35.173	27	3.27	2021-09-01 17:17::05
155	4189AB83	3260	31.1036	31.1036	30.9158	30.3526	31.1036	31.2913	31.2913	36.3607	26	3.27	2021-09-01 17:17::06
156	4189AB83	3261	30.1036	29.9158	29.7281	29.3526	30.1036	29.7281	29.9158	35.173	26	3.27	2021-09-01 17:17::07
157	4189AB83	3262	29.7281	30.2913	29.9158	29.7281	30.1036	30.1036	30.1036	34.7975	26	3.27	2021-09-01 17:17::08
158	4189AB83	3263	30.9158	30.9158	30.9158	30.3526	30.7281	30.9158	30.9158	35.7975	-55	1.22	2021-09-01 17:17::09
159	4189AB83	3264	29.9158	30.2913	29.9158	29.5403	29.9158	30.1036	30.1036	34.7975	26	3.27	2021-09-01 17:17::10
160	AB83	3265	31.1036	31.1036	30.7281	30.7281	31.1036	31.1036	30.9158	35.6097	25	1.23	2021-09-01 17:17::10
161	4189AB83	3266	29.7281	30.1036	29.9158	29.3526	30.1036	29.9158	30.1036	34.422	26	3.27	2021-09-01 17:17::11
162	4189AB83	3267	30.1036	29.9158	29.9158	29.7281	29.9158	29.9158	29.9158	34.422	26	3.27	2021-09-01 17:17::12
163	4189AB83	3268	30.1036	29.9158	30.1036	29.5403	29.9158	30.1036	29.9158	34.422	26	3.27	2021-09-01 17:17::13
164	4189AB83	3269	29.9158	29.9158	29.9158	29.1648	29.7281	30.1036	30.1036	34.0464	26	3.27	2021-09-01 17:17::14
165	4189AB83	3270	30.2913	30.1036	30.1036	29.3526	30.1036	29.9158	30.2913	34.422	26	3.27	2021-09-01 17:17::15
166	4189AB83	3271	30.2913	29.9158	29.9158	29.5403	30.1036	30.2913	30.1036	34.2342	26	3.27	2021-09-01 17:17::16
167	4189AB83	3272	31.4791	31.1036	31.1036	30.5403	30.9158	30.9158	30.9158	35.2342	26	3.27	2021-09-01 17:17::17
168	4189AB83	3273	30.1036	29.9158	29.9158	29.1648	30.1036	29.9158	30.1036	34.0464	26	3.27	2021-09-01 17:17::18
169	4189AB83	3274	29.9158	29.9158	29.9158	29.3526	29.9158	29.9158	30.2913	33.8587	26	3.27	2021-09-01 17:17::19
170	4189AB83	3276	-51.2719	-51.0842	-50.8964	-52.023	-50.8964	-51.0842	-51.0842	-46.7658	26	3.27	2021-09-01 17:17::20
171	4189AB83	3277	-50.8964	-51.6474	-51.6474	-51.6474	-51.6474	-51.6474	-51.6474	-51.6474	26	3.27	2021-09-01 17:17::21
172	4189AB83	3278	30.9158	31.1036	31.1036	30.7281	31.1036	31.1036	31.1036	35.2342	26	3.27	2021-09-01 17:17::22
173	4189AB83	3279	30.1036	30.1036	29.7281	29.3526	30.1036	29.9158	29.9158	33.6709	26	3.27	2021-09-01 17:17::23
174	4189AB83	3279	30.2913	30.1036	29.9158	29.1648	30.2913	29.9158	29.9158	33.6709	26	3.27	2021-09-01 17:17::23
175	4189AB83	3280	29.9158	29.9158	30.1036	28.977	29.9158	30.1036	29.7281	33.8587	26	3.27	2021-09-01 17:17::24
176	4189AB83	3281	30.1036	30.1036	30.1036	29.3526	30.1036	30.2913	29.9158	33.8587	26	3.27	2021-09-01 17:17::25
177	4189AB83	3282	29.9158	30.1036	29.9158	29.1648	30.1036	29.9158	30.1036	33.4832	26	3.27	2021-09-01 17:17::26
178	4189AB83	3283	30.1036	30.1036	30.1036	29.3526	29.7281	29.9158	30.1036	33.6709	26	3.27	2021-09-01 17:17::27
179	4189AB83	3284	30.2913	29.9158	30.1036	29.3526	30.2913	30.2913	29.9158	33.6709	26	3.27	2021-09-01 17:17::27
180	4189AB83	3285	30.1036	29.9158	30.1036	29.5403	30.2913	30.1036	29.9158	33.1077	26	3.27	2021-09-01 17:17::28
181	4189AB83	3286	30.1036	30.2913	30.1036	29.1648	30.4791	30.1036	30.4791	33.2954	26	3.27	2021-09-01 17:17::29
182	4189AB83	3287	29.9158	29.7281	30.1036	29.3526	29.9158	30.1036	30.1036	33.4832	26	3.27	2021-09-01 17:17::30
183	4189AB83	3288	29.9158	29.9158	29.9158	29.3526	30.1036	30.1036	29.7281	32.9199	26	3.27	2021-09-01 17:17::31
184	4189AB83	3289	30.1036	30.2913	30.2913	29.3526	29.9158	30.1036	30.1036	33.1077	26	3.27	2021-09-01 17:17::32
185	4189AB83	3290	29.9158	29.9158	30.1036	29.5403	29.7281	29.7281	30.2913	33.1077	-55	1.22	2021-09-01 17:17::33
186	4189AB83	3291	30.1036	30.1036	29.9158	29.3526	30.1036	30.2913	30.4791	32.9199	26	3.27	2021-09-01 17:17::34
187	4189AB83	3292	30.2913	30.2913	30.1036	29.9158	30.1036	30.1036	29.9158	32.7322	26	3.27	2021-09-01 17:17::35
188	4189AB83	3293	30.1036	29.9158	30.1036	29.3526	30.1036	30.1036	30.2913	32.9199	26	3.27	2021-09-01 17:17::36
189	4189AB83	3294	29.9158	29.9158	30.1036	29.7281	33.1077	31.0424	30.1036	32.9199	26	3.27	2021-09-01 17:17::36
190	4189AB83	3295	30.2913	30.1036	29.9158	29.7281	36.8628	32.5444	29.9158	33.1077	26	3.27	2021-09-01 17:17::37
191	4189AB83	3296	29.7281	29.7281	29.9158	29.5403	40.0546	33.1077	30.2913	32.7322	26	3.27	2021-09-01 17:17::38
192	4189AB83	3297	-50.7087	-50.8964	-50.7087	-51.6474	-51.6474	-51.6474	-51.6474	-51.6474	27	3.27	2021-09-01 17:17::39
193	4189AB83	3298	30.2913	29.5403	30.1036	29.1648	50.9444	35.5485	29.7281	32.5444	27	3.27	2021-09-01 17:17::40
194	4189AB83	3299	29.9158	30.1036	29.9158	29.7281	53.573	38.5526	30.1036	32.5444	26	3.27	2021-09-01 17:17::41
195	4189AB83	3300	29.9158	30.1036	29.9158	29.3526	56.5771	42.1199	30.2913	32.5444	27	3.27	2021-09-01 17:17::42
196	4189AB83	3301	30.9158	31.1036	31.1036	30.5403	59.6424	45.7485	31.2913	33.1689	27	3.27	2021-09-01 17:17::43
197	4189AB83	3302	30.9158	30.9158	30.7281	30.3526	61.7077	48.0016	31.2913	33.3566	26	3.27	2021-09-01 17:17::44
198	4189AB83	3303	29.9158	29.7281	29.9158	29.3526	62.2097	48.6914	30.4791	32.1689	26	3.27	2021-09-01 17:17::45
199	4189AB83	3303	29.9158	29.9158	29.9158	29.3526	62.5853	49.0669	30.4791	32.3566	26	3.27	2021-09-01 17:17::45
200	4189AB83	3304	28.3526	28.3526	28.3526	28.3526	3032.25	-1751	1892.39	3633.26	27	3.27	2021-09-01 17:17::45
0.02
201	4189AB83	3305	29.9158	29.9158	29.7281	29.5403	29.5403	30.4791	30.2913	35.3607	27	3.27	2021-09-01 17:17::46
202	4189AB83	3306	29.9158	30.1036	29.7281	29.5403	30.4791	29.7281	29.5403	35.173	27	3.27	2021-09-01 17:17::47
203	4189AB83	3307	29.7281	30.1036	30.1036	29.7281	29.9158	29.9158	29.9158	35.3607	27	3.27	2021-09-01 17:17::48
204	4189AB83	3308	29.7281	29.7281	29.9158	29.7281	30.1036	29.7281	30.1036	35.173	27	3.27	2021-09-01 17:17::49
205	4189AB83	3309	31.1036	31.1036	30.9158	30.3526	31.1036	31.2913	31.2913	36.3607	-55	1.22	2021-09-01 17:17::50
206	4189AB83	3310	30.1036	29.9158	29.7281	29.3526	30.1036	29.7281	29.9158	35.173	-55	1.22	2021-09-01 17:17::51
207	4189AB83	3311	29.7281	30.2913	29.9158	29.7281	30.1036	30.1036	30.1036	34.7975	27	3.27	2021-09-01 17:17::52
208	4189AB83	3312	30.9158	30.9158	30.9158	30.3526	30.7281	30.9158	30.9158	35.7975	27	3.27	2021-09-01 17:17::53
209	4189AB83	3313	29.9158	30.2913	29.9158	29.5403	29.9158	30.1036	30.1036	34.7975	27	3.27	2021-09-01 17:17::54
210	4189AB83	3315	31.1036	31.1036	30.7281	30.7281	31.1036	31.1036	30.9158	35.6097	27	3.27	2021-09-01 17:17::55
211	4189AB83	3316	29.7281	30.1036	29.9158	29.3526	30.1036	29.9158	30.1036	34.422	-55	1.22	2021-09-01 17:17::56
212	4189AB83	3317	30.1036	29.9158	29.9158	29.7281	29.9158	29.9158	29.9158	34.422	27	3.27	2021-09-01 17:17::57
213	4189AB83	3318	30.1036	29.9158	30.1036	29.5403	29.9158	30.1036	29.9158	34.422	27	3.27	2021-09-01 17:17::58
214	4189AB83	3319	29.9158	29.9158	29.9158	29.1648	29.7281	30.1036	30.1036	34.0464	27	3.27	2021-09-01 17:17::59
215	4189AB83	3320	30.2913	30.1036	30.1036	29.3526	30.1036	29.9158	30.2913	34.422	27	3.27	2021-09-01 17:18::00
216	4189AB83	3321	30.2913	29.9158	29.9158	29.5403	30.1036	30.2913	30.1036	34.2342	27	3.27	2021-09-01 17:18::01
217	4189AB83	3322	31.4791	31.1036	31.1036	30.5403	30.9158	30.9158	30.9158	35.2342	27	3.27	2021-09-01 17:18::02
218	4189AB83	3323	30.1036	29.9158	29.9158	29.1648	30.1036	29.9158	30.1036	34.0464	27	3.27	2021-09-01 17:18::03
219	4189AB83	3324	29.9158	29.9158	29.9158	29.3526	29.9158	29.9158	30.2913	33.8587	27	3.27	2021-09-01 17:18::03
220	4189AB83	3325	-51.2719	-51.0842	-50.8964	-52.023	-50.8964	-51.0842	-51.0842	-46.7658	27	3.27	2021-09-01 17:18::04
221	4189AB83	3326	-50.8964	-51.6474	-51.6474	-51.6474	-51.6474	-51.6474	-51.6474	-51.6474	27	3.27	2021-09-01 17:18::05
222	4189AB83	3328	30.9158	31.1036	31.1036	30.7281	31.1036	31.1036	31.1036	35.2342	27	3.27	2021-09-01 17:18::07
223	4189AB83	3329	30.1036	30.1036	29.7281	29.3526	30.1036	29.9158	29.9158	33.6709	27	3.27	2021-09-01 17:18::08
224	4189AB83	3330	30.2913	30.1036	29.9158	29.1648	30.2913	29.9158	29.9158	33.6709	27	3.27	2021-09-01 17:18::09
225	4189AB83	3331	29.9158	29.9158	30.1036	28.977	29.9158	30.1036	29.7281	33.8587	27	3.27	2021-09-01 17:18::10
226	4189AB83	3332	30.1036	30.1036	30.1036	29.3526	30.1036	30.2913	29.9158	33.8587	27	3.27	2021-09-01 17:18::11
227	4189AB83	3333	29.9158	30.1036	29.9158	29.1648	30.1036	29.9158	30.1036	33.4832	27	3.27	2021-09-01 17:18::12
228	4189AB83	3334	30.1036	30.1036	30.1036	29.3526	29.7281	29.9158	30.1036	33.6709	-55	1.22	2021-09-01 17:18::12
229	4189AB83	3335	30.2913	29.9158	30.1036	29.3526	30.2913	30.2913	29.9158	33.6709	27	3.27	2021-09-01 17:18::13
230	4189AB83	3336	30.1036	29.9158	30.1036	29.5403	30.2913	30.1036	29.9158	33.1077	27	3.27	2021-09-01 17:18::14
231	4189AB83	3337	30.1036	30.2913	30.1036	29.1648	30.4791	30.1036	30.4791	33.2954	27	3.27	2021-09-01 17:18::15
232	4189AB83	3338	29.9158	29.7281	30.1036	29.3526	29.9158	30.1036	30.1036	33.4832	27	3.27	2021-09-01 17:18::16
233	4189AB83	3339	29.9158	29.9158	29.9158	29.3526	30.1036	30.1036	29.7281	32.9199	27	3.27	2021-09-01 17:18::17
234	4189AB83	3340	30.1036	30.2913	30.2913	29.3526	29.9158	30.1036	30.1036	33.1077	27	3.27	2021-09-01 17:18::18
235	4189AB83	3341	29.9158	29.9158	30.1036	29.5403	29.7281	29.7281	30.2913	33.1077	27	3.27	2021-09-01 17:18::19
236	4189AB83	3342	30.1036	30.1036	29.9158	29.3526	30.1036	30.2913	30.4791	32.9199	27	3.27	2021-09-01 17:18::20
237	4189AB83	3343	30.2913	30.2913	30.1036	29.9158	30.1036	30.1036	29.9158	32.7322	27	3.27	2021-09-01 17:18::21
238	4189AB83	3344	30.1036	29.9158	30.1036	29.3526	30.1036	30.1036	30.2913	32.9199	27	3.27	2021-09-01 17:18::21
239	4189AB83	3345	29.9158	29.9158	30.1036	29.7281	33.1077	31.0424	30.1036	32.9199	27	3.27	2021-09-01 17:18::22
240	4189AB83	3346	30.2913	30.1036	29.9158	29.7281	36.8628	32.5444	29.9158	33.1077	27	3.27	2021-09-01 17:18::23
241	4189AB83	3347	29.7281	29.7281	29.9158	29.5403	40.0546	33.1077	30.2913	32.7322	27	3.27	2021-09-01 17:18::24
242	4189AB83	3348	-50.7087	-50.8964	-50.7087	-51.6474	-51.6474	-51.6474	-51.6474	-51.6474	27	3.27	2021-09-01 17:18::25
243	4189AB83	3349	30.2913	29.5403	30.1036	29.1648	50.9444	35.5485	29.7281	32.5444	27	3.27	2021-09-01 17:18::26
244	4189AB83	3350	29.9158	30.1036	29.9158	29.7281	53.573	38.5526	30.1036	32.5444	27	3.27	2021-09-01 17:18::27
245	4189AB83	3351	29.9158	30.1036	29.9158	29.3526	56.5771	42.1199	30.2913	32.5444	27	3.27	2021-09-01 17:18::28
246	4189AB83	3352	30.9158	31.1036	31.1036	30.5403	59.6424	45.7485	31.2913	33.1689	-55	1.22	2021-09-01 17:18::29
247	4189AB83	3353	30.9158	30.9158	30.7281	30.3526	61.7077	48.0016	31.2913	33.3566	27	3.27	2021-09-01 17:18::30
248	4189AB83	3354	29.9158	29.7281	29.9158	29.3526	62.2097	48.6914	30.4791	32.1689	27	3.27	2021-09-01 17:18::30
249	4189AB83	3355	29.9158	29.9158	29.9158	29.3526	62.5853	49.0669	30.4791	32.3566	27	3.27	2021-09-01 17:18::31
250	4189AB83	3356	30.9158	30.7281	30.9158	30.5403	61.1444	50.2546	31.6668	33.1689	27	3.27	2021-09-01 17:18::32
251	4189AB83	3357	31.1036	31.1036	30.7281	30.7281	57.7648	48.3771	32.0424	32.7934	27	3.27	2021-09-01 17:18::33
252	4189AB83	3358	-50.8964	-51.0842	-51.2719	-51.4597	-27.2392	-51.6474	-51.6474	-51.6474	28	3.27	2021-09-01 17:18::34
253	4189AB83	3359	30.9158	30.9158	30.9158	30.1648	53.2587	46.124	32.4179	33.1689	28	3.27	2021-09-01 17:18::35
254	4189AB83	3360	30.5403	31.1036	30.9158	30.7281	55.8873	48.0016	32.9811	32.9811	28	3.27	2021-09-01 17:18::36
255	4189AB83	3361	-50.8964	-50.8964	-51.4597	-51.6474	-51.6474	-51.6474	-51.6474	-51.6474	28	3.27	2021-09-01 17:18::37
256	4189AB83	3362	31.1036	31.1036	30.9158	30.5403	56.4506	56.2628	33.7322	33.1689	28	3.27	2021-09-01 17:18::38
257	4189AB83	3363	31.1036	31.1036	30.7281	30.1648	60.2057	59.2669	33.7322	33.5444	28	3.27	2021-09-01 17:18::39
258	4189AB83	3364	31.1036	30.9158	31.2913	30.1648	64.8995	61.5199	34.1077	33.1689	28	3.27	2021-09-01 17:18::39
259	4189AB83	3365	30.7281	30.9158	31.2913	30.1648	68.4669	64.1485	34.6709	33.1689	28	3.27	2021-09-01 17:18::40
260	4189AB83	3366	31.2913	30.9158	30.9158	30.1648	71.6587	65.2751	35.0464	32.9811	28	3.27	2021-09-01 17:18::41
261	4189AB83	3367	31.2913	30.9158	30.9158	30.3526	74.6628	67.3404	35.422	33.3566	28	3.27	2021-09-01 17:18::42
262	4189AB83	3368	30.9158	30.9158	30.9158	30.3526	76.1649	68.0914	35.9852	33.1689	28	3.27	2021-09-01 17:18::43
263	4189AB83	3369	31.2913	30.9158	30.9158	30.1648	77.2914	69.4057	35.7975	32.6056	28	1.22	2021-09-01 17:18::44
264	4189AB83	3370	31.2913	30.7281	31.2913	30.1648	78.2302	70.1567	36.3607	32.9811	28	3.27	2021-09-01 17:18::45
265	4189AB83	3371	31.1036	30.9158	30.9158	30.5403	79.1689	71.2832	36.924	32.7934	-55	1.22	2021-09-01 17:18::46
266	0	3372	31.2913	30.3526	31.1036	30.5403	79.92	71.8465	37.2995	32.7934	25	1.23	2021-09-01 17:18::47
267	4189AB83	3373	31.1036	30.9158	31.1036	30.3526	79.3567	71.0955	37.1118	32.7934	28	3.27	2021-09-01 17:18::48
268	4189AB83	3374	31.4791	30.3526	30.7281	30.1648	78.7934	69.0302	37.8628	32.7934	29	3.27	2021-09-01 17:18::48
269	4189AB83	3375	30.9158	30.7281	30.9158	30.5403	79.7322	67.3404	38.2383	32.7934	28	3.27	2021-09-01 17:18::49
270	4189AB83	3376	31.1036	30.7281	30.3526	30.3526	79.3567	66.9649	38.2383	32.6056	28	3.27	2021-09-01 17:18::50
271	4189AB83	3377	31.1036	30.7281	30.7281	30.3526	80.2955	67.3404	38.8016	32.6056	28	3.27	2021-09-01 17:18::51
272	4189AB83	3378	31.1036	30.7281	30.9158	30.1648	80.4832	68.0914	38.9893	32.6056	29	3.27	2021-09-01 17:18::52
273	4189AB83	3379	30.9158	30.7281	30.5403	30.5403	77.4792	67.1526	39.1771	32.4179	28	3.27	2021-09-01 17:18::53
274	4189AB83	3380	30.5403	30.7281	31.1036	30.5403	72.973	64.1485	39.3648	32.4179	28	3.27	2021-09-01 17:18::54
275	4189AB83	3381	30.3526	30.3526	30.5403	30.5403	68.4669	61.3322	38.9893	30.1648	28	3.27	2021-09-01 17:18::55
276	4189AB83	3382	31.3526	30.7893	31.1648	31.3526	65.3363	59.5159	39.6138	30.6015	29	3.27	2021-09-01 17:18::56
277	4189AB83	3383	30.6015	30.4138	30.977	31.3526	62.1444	57.4506	39.8016	30.977	-55	1.22	2021-09-01 17:18::57
278	4189AB83	3384	30.977	30.6015	30.7893	31.1648	61.2057	58.2016	39.6138	31.1648	29	3.27	2021-09-01 17:18::57
279	4189AB83	3385	30.4138	30.6015	30.7893	31.5403	62.5199	61.0179	39.426	31.3526	29	3.27	2021-09-01 17:18::58
280	4189AB83	3386	30.6015	30.4138	30.6015	31.3526	64.3975	63.6465	39.9893	31.9158	29	3.27	2021-09-01 17:18::59
281	4189AB83	3387	30.226	30.0383	30.4138	31.3526	65.7118	64.9608	39.8016	32.1036	29	3.27	2021-09-01 17:19::00
282	4189AB83	3388	-52.3985	-52.5862	-51.6474	-51.6474	-51.6474	-51.6474	-51.6474	-51.6474	29	3.27	2021-09-01 17:19::01
283	4189AB83	3390	30.6015	30.226	30.226	31.3526	67.7771	65.7118	40.3648	31.9158	-55	1.22	2021-09-01 17:19::03
284	4189AB83	3391	30.6015	30.4138	30.4138	31.5403	68.3404	66.2751	40.1771	32.1036	29	3.27	2021-09-01 17:19::04
285	83	3392	30.4138	30.226	30.4138	31.3526	68.3404	65.7118	40.5526	31.9158	25	1.23	2021-09-01 17:19::05
286	4189AB83	3393	30.6015	30.4138	30.4138	31.5403	68.9036	66.4628	40.5526	32.1036	28	3.27	2021-09-01 17:19::06
287	4189AB83	3394	30.4138	30.226	30.0383	31.3526	68.9036	65.8995	40.7403	32.2913	28	3.27	2021-09-01 17:19::06
288	4189AB83	3395	-52.3985	-52.9617	-52.5862	-51.8352	-16.3494	-19.1658	-51.6474	-51.6474	28	3.27	2021-09-01 17:19::07
289	4189AB83	3396	31.6015	31.4138	31.226	32.7281	65.2097	62.7689	42.1158	33.4791	29	3.27	2021-09-01 17:19::08
290	4189AB83	3397	31.0383	32.3526	32.7281	32.3526	63.1444	60.5159	42.3036	33.2913	28	3.27	2021-09-01 17:19::09
291	4189AB83	3398	-52.023	-45.4515	-44.7005	-51.2719	-24.4229	-51.6474	-51.6474	-51.6474	29	3.27	2021-09-01 17:19::10
292	4189AB83	3399	28.3526	28.3526	28.3526	28.3526	-1737.67	-1791.56	1892.39	3777.45	29	3.27	2021-09-01 17:19::11
293	4189AB83	3400	30.6015	42.6179	42.0546	31.3526	55.573	54.6342	41.6791	32.4791	29	3.27	2021-09-01 17:19::12
294	4189AB83	3401	31.977	44.3689	41.5526	32.5403	55.071	54.6954	42.4913	33.6668	29	3.27	2021-09-01 17:19::13
295	4189AB83	3402	31.4138	45.1199	40.8016	32.3526	54.1322	53.7567	42.8669	33.2913	-55	1.22	2021-09-01 17:19::14
296	4189AB83	3403	31.977	48.3118	42.6791	32.7281	52.6301	52.4424	42.4913	33.4791	28	3.27	2021-09-01 17:19::15
297	4189AB83	3404	-51.6474	-29.4923	-40.1944	-51.2719	-32.1209	-31.7454	-41.5087	-51.6474	-55	1.22	2021-09-01 17:19::15
298	4189AB83	3405	-51.6474	-51.6474	-51.6474	-51.6474	-51.6474	-51.6474	-51.6474	-51.6474	28	3.27	2021-09-01 17:19::16
299	4189AB83	3407	32.5403	54.3199	42.4913	32.5403	49.4383	49.8138	42.3036	33.4791	29	3.27	2021-09-01 17:19::18
300	4189AB83	3408	30.9158	30.7281	30.9158	30.5403	61.1444	50.2546	31.6668	33.1689	29	3.28	2021-09-01 17:19::19
0.04
301	4189AB83	3409	31.1036	31.1036	30.7281	30.7281	57.7648	48.3771	32.0424	32.7934	28	3.27	2021-09-01 17:19::20
302	4189AB83	3410	-50.8964	-51.0842	-51.2719	-51.4597	-27.2392	-51.6474	-51.6474	-51.6474	29	3.27	2021-09-01 17:19::21
303	4189AB83	3411	30.9158	30.9158	30.9158	30.1648	53.2587	46.124	32.4179	33.1689	-55	1.22	2021-09-01 17:19::22
304	4189AB83	3412	30.5403	31.1036	30.9158	30.7281	55.8873	48.0016	32.9811	32.9811	29	3.27	2021-09-01 17:19::23
305	4189AB83	3413	-50.8964	-50.8964	-51.4597	-51.6474	-51.6474	-51.6474	-51.6474	-51.6474	28	3.27	2021-09-01 17:19::24
306	4189AB83	3414	31.1036	31.1036	30.9158	30.5403	56.4506	56.2628	33.7322	33.1689	28	3.27	2021-09-01 17:19::24
307	4189AB83	3415	31.1036	31.1036	30.7281	30.1648	60.2057	59.2669	33.7322	33.5444	28	3.28	2021-09-01 17:19::25
308	4189AB83	3416	31.1036	30.9158	31.2913	30.1648	64.8995	61.5199	34.1077	33.1689	28	3.28	2021-09-01 17:19::26
309	4189AB83	3417	30.7281	30.9158	31.2913	30.1648	68.4669	64.1485	34.6709	33.1689	29	3.27	2021-09-01 17:19::27
310	4189AB83	3418	31.2913	30.9158	30.9158	30.1648	71.6587	65.2751	35.0464	32.9811	28	3.27	2021-09-01 17:19::28
311	4189AB83	3419	31.2913	30.9158	30.9158	30.3526	74.6628	67.3404	35.422	33.3566	28	3.27	2021-09-01 17:19::29
312	4189AB83	3420	30.9158	30.9158	30.9158	30.3526	76.1649	68.0914	35.9852	33.1689	28	3.28	2021-09-01 17:19::30
313	4189AB83	3421	31.2913	30.9158	30.9158	30.1648	77.2914	69.4057	35.7975	32.6056	28	3.27	2021-09-01 17:19::31
314	4189AB83	3422	31.2913	30.7281	31.2913	30.1648	78.2302	70.1567	36.3607	32.9811	-55	1.22	2021-09-01 17:19::32
315	4189AB83	3423	31.1036	30.9158	30.9158	30.5403	79.1689	71.2832	36.924	32.7934	28	3.27	2021-09-01 17:19::33
316	4189AB83	3424	31.2913	30.3526	31.1036	30.5403	79.92	71.8465	37.2995	32.7934	28	3.27	2021-09-01 17:19::33
317	0	3425	31.1036	30.9158	31.1036	30.3526	79.3567	71.0955	37.1118	32.7934	25	1.23	2021-09-01 17:19::34
318	4189AB83	3426	31.4791	30.3526	30.7281	30.1648	78.7934	69.0302	37.8628	32.7934	28	3.27	2021-09-01 17:19::35
319	4189AB83	3427	30.9158	30.7281	30.9158	30.5403	79.7322	67.3404	38.2383	32.7934	28	3.27	2021-09-01 17:19::36
320	4189AB83	3428	31.1036	30.7281	30.3526	30.3526	79.3567	66.9649	38.2383	32.6056	28	3.27	2021-09-01 17:19::37
321	4189AB83	3429	31.1036	30.7281	30.7281	30.3526	80.2955	67.3404	38.8016	32.6056	28	3.27	2021-09-01 17:19::38
322	4189AB83	3430	31.1036	30.7281	30.9158	30.1648	80.4832	68.0914	38.9893	32.6056	28	3.27	2021-09-01 17:19::39
323	4189AB83	3431	30.9158	30.7281	30.5403	30.5403	77.4792	67.1526	39.1771	32.4179	28	3.27	2021-09-01 17:19::40
324	4189AB83	3432	30.5403	30.7281	31.1036	30.5403	72.973	64.1485	39.3648	32.4179	28	3.27	2021-09-01 17:19::41
325	4189AB83	3433	30.3526	30.3526	30.5403	30.5403	68.4669	61.3322	38.9893	30.1648	28	3.27	2021-09-01 17:19::41
326	4189AB83	3434	31.3526	30.7893	31.1648	31.3526	65.3363	59.5159	39.6138	30.6015	28	3.27	2021-09-01 17:19::42
327	4189AB83	3435	30.6015	30.4138	30.977	31.3526	62.1444	57.4506	39.8016	30.977	28	3.27	2021-09-01 17:19::43
328	4189AB83	3436	30.977	30.6015	30.7893	31.1648	61.2057	58.2016	39.6138	31.1648	-55	1.22	2021-09-01 17:19::44
329	4189AB83	3437	30.4138	30.6015	30.7893	31.5403	62.5199	61.0179	39.426	31.3526	-55	1.22	2021-09-01 17:19::45
