4189AB83	39754	0	0	0	0	0	0	0	0	30	3.27	2021-09-01 18:36::46
24	4189AB83	39755	32.977	32.977	32.977	33.1648	33.1648	32.6015	32.977	33.3526	30	3.27	2021-09-01 18:36::47
25	4189AB83	39756	32.4138	32.977	32.6015	33.3526	32.7893	32.977	33.1648	33.5403	30	3.27	2021-09-01 18:36::48
26	4189AB83	39758	33.1648	33.1648	33.1648	33.3526	32.977	32.4138	32.977	33.7281	30	3.28	2021-09-01 18:36::49
27	4189AB83	39759	32.7893	32.6015	32.7893	33.5403	33.3526	32.977	32.977	33.5403	30	3.27	2021-09-01 18:36::50
28	4189AB83	39761	32.977	32.977	32.977	32.977	32.7893	32.7893	32.977	33.5403	30	3.27	2021-09-01 18:36::52
29	4189AB83	39762	32.6015	32.7893	32.7893	33.5403	32.7893	32.7893	32.7893	33.5403	30	3.27	2021-09-01 18:36::53
30	4189AB83	39764	32.977	33.3526	32.7893	33.3526	32.977	32.977	32.977	33.3526	30	3.27	2021-09-01 18:36::55
31	4189AB83	39765	32.977	32.7893	32.7893	33.3526	33.1648	33.1648	32.6015	33.7281	30	3.27	2021-09-01 18:36::56
32	4189AB83	39767	32.977	32.6015	33.1648	33.7281	33.1648	32.977	33.1648	33.5403	30	3.27	2021-09-01 18:36::57
33	4189AB83	39768	32.977	32.977	32.6015	33.5403	33.3526	32.977	33.1648	33.7281	30	3.27	2021-09-01 18:36::58
34	4189AB83	39769	32.7893	32.977	32.7893	33.3526	32.4138	32.7893	32.7893	33.5403	30	3.27	2021-09-01 18:36::59
35	4189AB83	39771	32.977	33.1648	32.977	33.3526	32.7893	33.1648	32.977	33.9158	30	3.27	2021-09-01 18:37::01
36	4189AB83	39772	32.7893	32.7893	32.7893	33.5403	32.977	33.1648	33.3526	33.9158	30	3.27	2021-09-01 18:37::02
37	4189AB83	39774	32.6015	32.7893	32.977	33.1648	32.7893	32.7893	32.977	33.7281	30	3.27	2021-09-01 18:37::04
38	4189AB83	39775	33.1648	32.977	32.977	33.3526	32.977	32.7893	32.7893	33.5403	30	3.27	2021-09-01 18:37::05
39	4189AB83	39776	32.7893	32.7893	32.977	33.7281	33.1648	32.977	32.977	33.3526	30	3.27	2021-09-01 18:37::06
40	4189AB83	39778	33.1648	33.1648	32.7893	33.5403	32.977	32.7893	32.7893	33.5403	30	3.27	2021-09-01 18:37::07
41	4189AB83	39779	32.977	33.3526	32.7893	33.5403	32.7893	32.7893	32.977	33.7281	30	3.27	2021-09-01 18:37::08
42	4189AB83	39781	32.7893	34.2913	33.5403	33.3526	32.7893	32.7893	33.1648	33.5403	30	3.27	2021-09-01 18:37::10
43	4189AB83	39782	33.1648	36.9199	34.1036	33.3526	32.6015	33.1648	32.977	33.9158	30	3.28	2021-09-01 18:37::11
44	4189AB83	39784	32.977	38.6097	35.4179	33.3526	32.7893	33.1648	32.6015	33.5403	30	3.27	2021-09-01 18:37::13
45	4189AB83	39785	32.7893	38.7975	37.6709	33.5403	32.977	32.977	32.977	33.5403	30	3.27	2021-09-01 18:37::14
46	4189AB83	39787	32.7893	43.6791	41.426	33.3526	32.977	33.1648	32.977	33.5403	30	3.27	2021-09-01 18:37::15
47	4189AB83	39788	32.7893	46.4954	41.9893	33.5403	32.7893	32.7893	32.977	33.5403	30	3.27	2021-09-01 18:37::16
48	4189AB83	39789	32.7893	47.622	41.8016	33.7281	32.7893	32.7893	32.977	33.5403	30	3.27	2021-09-01 18:37::17
49	4189AB83	39791	32.977	46.4954	40.4873	33.3526	32.7893	32.226	32.6015	33.7281	30	3.27	2021-09-01 18:37::19
50	4189AB83	39792	32.977	46.3077	39.924	33.3526	33.1648	32.977	32.6015	33.5403	30	3.27	2021-09-01 18:37::20
51	4189AB83	39794	32.7893	45.5567	39.173	33.3526	32.7893	32.7893	32.7893	33.3526	30	3.27	2021-09-01 18:37::22
52	4189AB83	39795	33.1648	45.3689	39.173	33.3526	32.7893	32.977	32.6015	33.3526	30	3.27	2021-09-01 18:37::23
53	4189AB83	39797	32.7893	51.9403	42.1771	33.5403	32.977	32.7893	32.7893	33.5403	30	3.27	2021-09-01 18:37::24
54	4189AB83	39798	33.1648	53.6301	44.6179	33.1648	32.7893	32.7893	32.6015	33.5403	30	3.27	2021-09-01 18:37::25
55	4189AB83	39800	33.7281	53.2546	45.7444	33.1648	32.6015	32.7893	32.7893	33.5403	30	3.28	2021-09-01 18:37::27
56	4189AB83	39801	33.9158	52.1281	45.5567	32.977	32.6015	32.7893	32.7893	33.3526	30	3.27	2021-09-01 18:37::28
57	4189AB83	39802	33.9158	51.3771	44.9934	33.3526	33.1648	32.7893	32.7893	33.7281	30	3.27	2021-09-01 18:37::29
58	4189AB83	39804	33.7281	53.6301	46.8709	33.1648	32.6015	32.977	32.4138	33.7281	30	3.28	2021-09-01 18:37::31
59	4189AB83	39806	33.9158	59.6383	48.7485	33.5403	32.7893	32.4138	32.7893	33.3526	30	3.28	2021-09-01 18:37::32
60	4189AB83	39807	34.2913	62.8301	50.2505	33.5403	32.977	32.6015	32.977	33.5403	30	3.27	2021-09-01 18:37::33
61	4189AB83	39809	34.1036	69.0261	52.8791	33.3526	32.7893	32.7893	32.4138	33.3526	30	3.28	2021-09-01 18:37::35
62	4189AB83	39810	34.1036	71.2791	54.1934	33.7281	32.977	32.7893	32.7893	33.7281	30	3.27	2021-09-01 18:37::36
63	4189AB83	39812	35.0424	75.222	55.1322	33.3526	32.6015	32.7893	32.7893	33.7281	30	3.27	2021-09-01 18:37::38
64	4189AB83	39814	35.0424	77.8506	55.5077	33.5403	32.977	32.7893	32.977	33.9158	30	3.27	2021-09-01 18:37::40
65	4189AB83	39816	35.4179	71.8424	54.9444	33.1648	32.7893	32.6015	32.4138	33.3526	30	3.28	2021-09-01 18:37::41
66	4189AB83	39817	35.4179	68.4628	54.1934	33.1648	32.7893	32.6015	32.7893	33.7281	30	3.28	2021-09-01 18:37::42
67	4189AB83	39819	35.7934	63.0179	52.6914	33.3526	32.7893	32.6015	32.7893	33.5403	30	3.27	2021-09-01 18:37::44
68	4189AB83	39821	36.1689	58.5118	51.3771	33.3526	32.6015	32.7893	32.4138	33.3526	30	3.28	2021-09-01 18:37::46
69	4189AB83	39822	36.1689	56.822	50.6261	33.5403	32.977	32.6015	32.7893	33.1648	30	3.28	2021-09-01 18:37::47
70	4189AB83	39823	36.1689	55.3199	50.2505	33.3526	32.7893	32.4138	32.6015	33.1648	30	3.27	2021-09-01 18:37::48
71	4189AB83	39825	36.5444	52.6914	48.5607	33.3526	32.4138	32.7893	32.6015	33.1648	30	3.27	2021-09-01 18:37::50
72	4189AB83	39827	37.1077	50.6261	47.8097	33.5403	32.4138	32.4138	32.6015	33.3526	30	3.28	2021-09-01 18:37::51
73	4189AB83	39828	36.9199	50.2505	47.622	33.3526	32.4138	32.7893	32.6015	33.3526	30	3.28	2021-09-01 18:37::52
74	4189AB83	39829	37.1077	49.124	46.8709	33.7281	32.977	32.6015	32.6015	33.1648	30	3.28	2021-09-01 18:37::53
75	4189AB83	39831	37.4832	48.1852	46.4954	33.5403	32.7893	32.4138	32.6015	33.3526	30	3.28	2021-09-01 18:37::55
76	4189AB83	39832	37.4832	48.5607	46.4954	33.3526	32.977	32.977	32.4138	33.5403	30	3.28	2021-09-01 18:37::56
77	4189AB83	39834	37.6709	55.6954	47.622	33.3526	32.977	32.6015	32.6015	33.5403	30	3.28	2021-09-01 18:37::58
78	4189AB83	39835	37.4832	58.324	47.8097	33.7281	32.226	32.6015	32.7893	33.1648	30	3.28	2021-09-01 18:37::59
79	4189AB83	39836	37.8587	61.7036	48.1852	33.1648	32.6015	32.4138	32.4138	33.1648	30	3.28	2021-09-01 18:37::59
80	4189AB83	39838	37.4832	66.773	49.6873	33.3526	32.4138	32.7893	32.7893	32.977	30	3.28	2021-09-01 18:38::01
81	4189AB83	39839	37.2954	69.2138	50.6261	33.3526	32.4138	32.7893	32.6015	32.977	30	3.28	2021-09-01 18:38::02
82	4189AB83	39841	37.4832	71.4669	51.1893	33.3526	32.4138	32.6015	32.6015	33.1648	30	3.28	2021-09-01 18:38::04
83	4189AB83	39843	37.8587	72.0302	51.7526	33.7281	32.4138	32.7893	32.6015	32.977	30	3.28	2021-09-01 18:38::06
84	4189AB83	39844	37.8587	72.5934	52.1281	33.7281	32.6015	32.6015	32.7893	32.977	30	3.28	2021-09-01 18:38::07
85	4189AB83	39846	37.8587	70.9036	53.2546	33.5403	32.977	32.7893	32.4138	32.977	30	3.28	2021-09-01 18:38::08
86	4189AB83	39847	38.0464	68.2751	52.8791	33.1648	32.977	32.6015	32.7893	33.3526	30	3.28	2021-09-01 18:38::09
87	4189AB83	39849	38.2342	65.6465	52.5036	33.7281	32.7893	32.6015	32.4138	32.7893	30	3.28	2021-09-01 18:38::11
88	4189AB83	39851	38.422	62.4546	51.7526	33.3526	32.6015	32.4138	32.6015	32.977	30	3.28	2021-09-01 18:38::13
89	4189AB83	39852	38.6097	61.8914	51.7526	33.3526	32.4138	32.226	32.4138	32.7893	30	3.28	2021-09-01 18:38::14
90	4189AB83	39854	39.6097	64.3934	53.3158	34.3526	33.7893	33.4138	33.226	33.7893	31	3.28	2021-09-01 18:38::16
91	4189AB83	39855	38.7975	65.8342	52.6914	33.3526	32.4138	32.0383	32.4138	33.5403	30	3.28	2021-09-01 18:38::17
92	4189AB83	39857	39.7975	70.5893	53.8791	34.5403	33.4138	33.4138	33.226	34.1648	31	3.28	2021-09-01 18:38::18
93	4189AB83	39858	39.7975	70.2138	53.8791	34.3526	33.7893	33.226	33.226	34.1648	31	3.28	2021-09-01 18:38::19
94	4189AB83	39859	39.173	67.8995	52.6914	33.3526	32.6015	32.6015	32.226	33.1648	30	3.28	2021-09-01 18:38::20
95	4189AB83	39861	40.3607	66.271	53.5036	34.3526	33.7893	33.6015	33.4138	33.977	31	3.28	2021-09-01 18:38::22
96	4189AB83	39862	39.173	63.9567	52.3158	33.7281	32.226	32.4138	32.6015	33.3526	30	3.28	2021-09-01 18:38::23
97	4189AB83	39863	40.3607	63.8301	52.5648	34.5403	33.6015	33.7893	33.226	33.7893	31	3.28	2021-09-01 18:38::24
98	4189AB83	39865	40.3607	61.9526	52.5648	34.5403	33.4138	33.0383	33.4138	33.977	31	3.28	2021-09-01 18:38::26
99	4189AB83	39867	40.3607	61.0138	52.0016	34.5403	33.0383	33.4138	33.4138	34.1648	31	3.28	2021-09-01 18:38::27
100	4189AB83	39868	32.7893	33.1648	32.977	33.5403	32.7893	33.3526	32.977	33.5403	31	3.28	2021-09-01 18:38::28
0.37
101	4189AB83	39870	32.977	33.3526	32.7893	33.3526	32.977	32.977	33.1648	33.5403	31	3.28	2021-09-01 18:38::30
102	4189AB83	39871	32.977	32.6015	33.1648	33.5403	32.6015	32.7893	33.1648	33.3526	31	3.28	2021-09-01 18:38::31
103	4189AB83	39873	32.977	32.977	32.977	33.3526	32.7893	32.7893	32.977	33.7281	31	3.28	2021-09-01 18:38::33
104	4189AB83	39874	32.6015	33.1648	32.7893	33.3526	32.977	32.7893	32.7893	33.3526	31	3.28	2021-09-01 18:38::34
105	4189AB83	39876	32.7893	32.7893	32.7893	33.3526	32.6015	32.977	32.977	33.9158	31	3.28	2021-09-01 18:38::35
106	4189AB83	39877	32.977	33.1648	32.977	33.5403	32.977	32.977	32.7893	33.3526	31	3.28	2021-09-01 18:38::36
107	4189AB83	39879	33.1648	32.6015	33.1648	33.3526	32.977	32.977	32.6015	33.3526	31	3.28	2021-09-01 18:38::38
108	4189AB83	39880	32.7893	32.977	32.977	33.5403	32.7893	32.977	32.7893	33.3526	31	3.28	2021-09-01 18:38::39
109	4189AB83	39881	32.7893	32.7893	33.1648	33.5403	32.7893	32.977	32.6015	33.9158	31	3.28	2021-09-01 18:38::40
110	4189AB83	39883	32.7893	32.977	32.6015	33.3526	33.1648	32.7893	32.977	33.3526	31	3.28	2021-09-01 18:38::42
111	4189AB83	39884	32.7893	32.7893	32.977	33.5403	33.1648	32.7893	32.7893	33.3526	31	3.28	2021-09-01 18:38::43
112	4189AB83	39886	32.4138	32.977	32.6015	33.3526	32.7893	32.977	33.1648	33.5403	31	3.28	2021-09-01 18:38::44
113	4189AB83	39887	32.7893	32.6015	32.7893	33.5403	33.3526	32.977	32.977	33.5403	31	3.28	2021-09-01 18:38::45
114	4189AB83	39889	32.6015	32.7893	32.7893	33.5403	32.7893	32.7893	32.7893	33.5403	31	3.28	2021-09-01 18:38::47
115	4189AB83	39890	32.977	32.7893	32.7893	33.3526	33.1648	33.1648	32.6015	33.7281	31	3.28	2021-09-01 18:38::48
116	4189AB83	39892	32.977	32.977	32.6015	33.5403	33.3526	32.977	33.1648	33.7281	31	3.28	2021-09-01 18:38::50
117	4189AB83	39893	32.977	33.1648	32.977	33.3526	32.7893	33.1648	32.977	33.9158	31	3.28	2021-09-01 18:38::51
118	4189AB83	39895	32.6015	32.7893	32.977	33.1648	32.7893	32.7893	32.977	33.7281	31	3.28	2021-09-01 18:38::53
119	4189AB83	39898	32.7893	32.7893	32.977	33.7281	33.1648	32.977	32.977	33.3526	32	3.28	2021-09-01 18:38::55
120	4189AB83	39900	32.977	33.3526	32.7893	33.5403	32.7893	32.7893	32.977	33.7281	32	3.28	2021-09-01 18:38::57
121	4189AB83	39902	33.1648	36.9199	34.1036	33.3526	32.6015	33.1648	32.977	33.9158	32	3.28	2021-09-01 18:38::59
122	4189AB83	39904	32.7893	38.7975	37.6709	33.5403	32.977	32.977	32.977	33.5403	32	3.28	2021-09-01 18:39::01
123	4189AB83	39907	32.7893	46.4954	41.9893	33.5403	32.7893	32.7893	32.977	33.5403	32	3.27	2021-09-01 18:39::03
124	4189AB83	39910	32.977	46.4954	40.4873	33.3526	32.7893	32.226	32.6015	33.7281	31	3.27	2021-09-01 18:39::06
125	4189AB83	39913	32.7893	45.5567	39.173	33.3526	32.7893	32.7893	32.7893	33.3526	32	3.27	2021-09-01 18:39::09
126	4189AB83	39916	32.7893	51.9403	42.1771	33.5403	32.977	32.7893	32.7893	33.5403	31	3.27	2021-09-01 18:39::11
127	4189AB83	39917	33.7281	53.2546	45.7444	33.1648	32.6015	32.7893	32.7893	33.5403	32	3.27	2021-09-01 18:39::12
128	4189AB83	39920	33.9158	51.3771	44.9934	33.3526	33.1648	32.7893	32.7893	33.7281	32	3.27	2021-09-01 18:39::15
129	4189AB83	39921	33.9158	59.6383	48.7485	33.5403	32.7893	32.4138	32.7893	33.3526	32	3.27	2021-09-01 18:39::16
130	4189AB83	39924	34.1036	69.0261	52.8791	33.3526	32.7893	32.7893	32.4138	33.3526	32	3.28	2021-09-01 18:39::19
131	4189AB83	39925	35.0424	75.222	55.1322	33.3526	32.6015	32.7893	32.7893	33.7281	31	3.27	2021-09-01 18:39::19
132	4189AB83	39926	35.4179	71.8424	54.9444	33.1648	32.7893	32.6015	32.4138	33.3526	31	3.27	2021-09-01 18:39::20
133	4189AB83	39929	35.7934	63.0179	52.6914	33.3526	32.7893	32.6015	32.7893	33.5403	31	3.27	2021-09-01 18:39::23
134	4189AB83	39930	36.1689	56.822	50.6261	33.5403	32.977	32.6015	32.7893	33.1648	31	3.27	2021-09-01 18:39::24
135	4189AB83	39931	36.5444	52.6914	48.5607	33.3526	32.4138	32.7893	32.6015	33.1648	32	3.27	2021-09-01 18:39::25
136	4189AB83	39932	36.9199	50.2505	47.622	33.3526	32.4138	32.7893	32.6015	33.3526	31	3.27	2021-09-01 18:39::26
137	4189AB83	39933	37.4832	48.1852	46.4954	33.5403	32.7893	32.4138	32.6015	33.3526	31	3.27	2021-09-01 18:39::27
138	4189AB83	39936	37.6709	55.6954	47.622	33.3526	32.977	32.6015	32.6015	33.5403	31	3.27	2021-09-01 18:39::29
139	4189AB83	39938	37.8587	61.7036	48.1852	33.1648	32.6015	32.4138	32.4138	33.1648	31	3.27	2021-09-01 18:39::31
140	4189AB83	39939	37.2954	69.2138	50.6261	33.3526	32.4138	32.7893	32.6015	32.977	31	3.27	2021-09-01 18:39::32
141	4189AB83	39941	37.8587	72.0302	51.7526	33.7281	32.4138	32.7893	32.6015	32.977	31	3.27	2021-09-01 18:39::34
142	4189AB83	39943	37.8587	70.9036	53.2546	33.5403	32.977	32.7893	32.4138	32.977	31	3.27	2021-09-01 18:39::36
143	4189AB83	39944	38.2342	65.6465	52.5036	33.7281	32.7893	32.6015	32.4138	32.7893	31	3.27	2021-09-01 18:39::37
144	4189AB83	39945	38.6097	61.8914	51.7526	33.3526	32.4138	32.226	32.4138	32.7893	31	3.27	2021-09-01 18:39::37
145	4189AB83	39946	38.7975	65.8342	52.6914	33.3526	32.4138	32.0383	32.4138	33.5403	31	3.27	2021-09-01 18:39::38
146	4189AB83	39947	39.7975	70.2138	53.8791	34.3526	33.7893	33.226	33.226	34.1648	31	3.27	2021-09-01 18:39::39
147	4189AB83	39950	40.3607	66.271	53.5036	34.3526	33.7893	33.6015	33.4138	33.977	31	3.27	2021-09-01 18:39::42
148	4189AB83	39953	40.3607	63.8301	52.5648	34.5403	33.6015	33.7893	33.226	33.7893	31	3.27	2021-09-01 18:39::45
149	4189AB83	39957	40.3607	61.0138	52.0016	34.5403	33.0383	33.4138	33.4138	34.1648	31	3.27	2021-09-01 18:39::48
150	4189AB83	39960	40.3607	62.3281	53.3158	34.5403	32.8505	33.4138	33.6015	33.7893	31	3.27	2021-09-01 18:39::51
151	4189AB83	39963	40.924	65.3322	54.8179	34.3526	33.6015	33.7893	33.0383	33.7893	31	3.27	2021-09-01 18:39::54
152	4189AB83	39964	40.5485	62.8914	54.0669	34.3526	33.226	33.226	33.226	33.977	31	3.27	2021-09-01 18:39::54
153	4189AB83	39965	40.924	60.8261	53.1281	34.3526	33.226	33.226	33.0383	33.7893	31	3.27	2021-09-01 18:39::55
154	4189AB83	39966	41.1118	60.2628	52.3771	34.7281	33.0383	33.226	32.8505	33.4138	31	3.27	2021-09-01 18:39::56
155	4189AB83	39967	41.2995	64.3934	55.0056	34.3526	33.226	32.8505	32.8505	33.4138	31	3.27	2021-09-01 18:39::57
156	4189AB83	39970	41.2995	66.0832	54.8179	34.5403	33.0383	33.0383	33.226	33.4138	31	3.27	2021-09-01 18:40::00
157	4189AB83	39973	41.4873	64.3934	54.8179	34.1648	32.8505	33.0383	33.0383	33.4138	31	3.27	2021-09-01 18:40::03
158	4189AB83	39974	41.675	71.5281	55.3812	34.3526	33.0383	33.0383	32.475	33.6015	31	3.27	2021-09-01 18:40::03
159	4189AB83	39975	42.675	67.4587	55.4424	35.5403	33.6628	34.0383	33.6628	34.0383	31	3.27	2021-09-01 18:40::04
160	4189AB83	39976	43.2383	72.3404	56.0056	34.977	33.6628	34.0383	33.8505	34.226	31	3.27	2021-09-01 18:40::05
161	4189AB83	39977	43.2383	65.7689	54.8791	35.1648	33.6628	33.8505	33.6628	33.8505	31	3.27	2021-09-01 18:40::06
162	4189AB83	39978	44.3648	59.7608	53.7526	35.3526	33.475	33.8505	33.6628	34.4138	31	3.27	2021-09-01 18:40::07
163	4189AB83	39979	43.9893	56.7567	53.0016	35.5403	34.0383	33.6628	34.226	34.6015	31	3.27	2021-09-01 18:40::08
164	4189AB83	39980	44.3648	54.8791	51.875	35.1648	33.6628	33.8505	34.7893	34.6015	31	3.27	2021-09-01 18:40::09
165	4189AB83	39981	43.9281	52.3771	49.9363	34.5403	32.8505	32.8505	33.7893	33.4138	31	3.27	2021-09-01 18:40::10
166	4189AB83	39982	43.7403	51.2505	49.7485	34.7281	32.6628	32.8505	34.5403	33.4138	31	3.27	2021-09-01 18:40::11
167	4189AB83	39983	44.7403	51.3118	50.1852	35.3526	34.226	34.0383	35.5403	34.4138	31	3.27	2021-09-01 18:40::12
168	4189AB83	39984	43.7403	49.7485	48.9975	34.5403	32.8505	33.0383	34.3526	33.6015	31	3.27	2021-09-01 18:40::12
169	4189AB83	39986	43.3648	48.8097	47.8709	34.3526	32.6628	33.0383	34.9158	33.7893	31	3.27	2021-09-01 18:40::14
170	4189AB83	39987	43.5526	48.2465	47.4954	34.5403	32.8505	33.6015	34.7281	33.7893	31	3.27	2021-09-01 18:40::15
171	4189AB83	39988	43.5526	47.4954	47.1199	34.5403	33.0383	33.6015	35.4791	33.6015	31	3.27	2021-09-01 18:40::16
172	4189AB83	39989	43.1771	47.3077	47.1199	34.3526	32.8505	33.6015	35.4791	33.6015	31	3.27	2021-09-01 18:40::17
173	4189AB83	39990	43.1771	46.5567	46.3689	34.1648	33.4138	33.6015	36.0424	33.6015	31	3.27	2021-09-01 18:40::18
174	4189AB83	39991	45.6179	45.8056	45.6179	34.3526	33.0383	34.1648	36.2301	33.6015	31	3.28	2021-09-01 18:40::19
175	4189AB83	39992	61.3893	45.0546	45.2424	34.3526	33.7893	34.1648	36.2301	33.6015	31	3.27	2021-09-01 18:40::20
176	4189AB83	39993	63.6424	45.0546	45.4301	34.3526	33.7893	34.3526	36.4179	33.4138	31	3.27	2021-09-01 18:40::21
177	4189AB83	39994	65.3322	44.8669	45.4301	34.5403	33.7893	34.5403	36.0424	33.6015	31	3.27	2021-09-01 18:40::21
178	4189AB83	39995	60.6383	44.6791	45.6179	34.5403	34.1648	34.3526	46.9322	33.6015	31	3.27	2021-09-01 18:40::22
179	4189AB83	39996	56.6954	44.4913	45.6179	34.3526	33.7893	34.9158	59.1363	33.7893	31	3.27	2021-09-01 18:40::23
180	4189AB83	39998	53.5036	44.8669	46.3689	34.5403	33.7893	34.9158	68.1485	33.6015	31	3.27	2021-09-01 18:40::25
181	4189AB83	39999	51.2505	44.3036	46.1811	34.5403	33.977	34.9158	75.471	33.7893	31	3.27	2021-09-01 18:40::26
182	4189AB83	40000	50.124	44.6791	45.9934	34.3526	33.6015	35.1036	74.5322	33.7893	31	3.27	2021-09-01 18:40::27
183	4189AB83	40001	49.373	44.6791	45.9934	34.5403	34.5403	35.2913	65.8955	34.1648	31	3.27	2021-09-01 18:40::28
184	4189AB83	40002	47.8709	44.1158	45.8056	34.3526	34.3526	35.6668	55.1934	33.977	31	3.27	2021-09-01 18:40::29
185	4189AB83	40003	47.1199	44.4913	45.9934	34.7281	34.9158	35.6668	50.3118	34.3526	31	3.27	2021-09-01 18:40::30
186	4189AB83	40004	46.9322	44.4913	45.8056	34.1648	35.1036	36.0424	47.6832	33.7893	31	3.27	2021-09-01 18:40::30
187	4189AB83	40005	46.1811	44.4913	45.6179	34.5403	34.9158	36.2301	44.8669	33.7893	31	3.28	2021-09-01 18:40::31
188	4189AB83	40006	45.9934	44.1158	45.4301	34.5403	34.7281	35.8546	42.9893	33.7893	31	3.27	2021-09-01 18:40::32
189	4189AB83	40007	45.9934	44.1158	45.2424	34.3526	35.1036	36.4179	42.0505	33.7893	31	3.27	2021-09-01 18:40::33
190	4189AB83	40008	44.8669	44.4913	45.0546	34.5403	35.4791	36.0424	40.5485	33.977	31	3.27	2021-09-01 18:40::34
191	4189AB83	40011	44.8669	44.1158	45.0546	34.7281	35.2913	36.2301	39.7975	33.7893	31	3.27	2021-09-01 18:40::37
192	4189AB83	40012	44.4913	43.9281	44.6791	34.3526	35.4791	36.6056	39.422	34.1648	31	3.27	2021-09-01 18:40::38
193	4189AB83	40013	44.6791	43.9281	45.0546	34.1648	35.4791	36.4179	39.0464	34.1648	31	3.27	2021-09-01 18:40::39
194	4189AB83	40015	44.3036	43.9281	44.4913	34.3526	35.6668	36.7934	38.6709	34.1648	31	3.27	2021-09-01 18:40::40
195	4189AB83	40016	44.1158	43.5526	44.3036	34.3526	35.1036	36.4179	37.7322	34.1648	31	3.27	2021-09-01 18:40::41
196	4189AB83	40017	43.7403	43.3648	44.3036	34.3526	35.6668	36.2301	37.9199	34.3526	31	3.27	2021-09-01 18:40::42
197	4189AB83	40020	43.5526	43.3648	43.7403	34.5403	35.6668	36.4179	38.2954	33.6015	31	3.27	2021-09-01 18:40::45
198	4189AB83	40022	43.5526	43.3648	44.1158	34.1648	35.4791	36.4179	38.1077	33.977	31	3.27	2021-09-01 18:40::47
199	4189AB83	40023	43.1771	43.1771	43.7403	34.7281	35.6668	36.6056	37.5444	34.1648	31	3.28	2021-09-01 18:40::48
200	4189AB83	40024	40.3607	62.3281	53.3158	34.5403	32.8505	33.4138	33.6015	33.7893	31	3.27	2021-09-01 18:40::48
0.56
201	4189AB83	40026	40.924	65.3322	54.8179	34.3526	33.6015	33.7893	33.0383	33.7893	31	3.27	2021-09-01 18:40::50
202	4189AB83	40029	40.5485	62.8914	54.0669	34.3526	33.226	33.226	33.226	33.977	31	3.27	2021-09-01 18:40::53
203	4189AB83	40032	40.924	60.8261	53.1281	34.3526	33.226	33.226	33.0383	33.7893	31	3.27	2021-09-01 18:40::56
204	4189AB83	40033	41.1118	60.2628	52.3771	34.7281	33.0383	33.226	32.8505	33.4138	30	3.27	2021-09-01 18:40::56
205	4189AB83	40034	41.2995	64.3934	55.0056	34.3526	33.226	32.8505	32.8505	33.4138	31	3.27	2021-09-01 18:40::57
206	4189AB83	40035	41.2995	66.0832	54.8179	34.5403	33.0383	33.0383	33.226	33.4138	31	3.27	2021-09-01 18:40::58
207	4189AB83	40037	41.4873	64.3934	54.8179	34.1648	32.8505	33.0383	33.0383	33.4138	31	3.27	2021-09-01 18:41::00
208	4189AB83	40038	41.675	71.5281	55.3812	34.3526	33.0383	33.0383	32.475	33.6015	31	3.27	2021-09-01 18:41::01
209	4189AB83	40039	42.675	67.4587	55.4424	35.5403	33.6628	34.0383	33.6628	34.0383	31	3.27	2021-09-01 18:41::02
210	4189AB83	40041	43.2383	72.3404	56.0056	34.977	33.6628	34.0383	33.8505	34.226	31	3.27	2021-09-01 18:41::04
211	4189AB83	40042	43.2383	65.7689	54.8791	35.1648	33.6628	33.8505	33.6628	33.8505	31	3.27	2021-09-01 18:41::05
212	4189AB83	40043	44.3648	59.7608	53.7526	35.3526	33.475	33.8505	33.6628	34.4138	31	3.27	2021-09-01 18:41::05
213	4189AB83	40044	43.9893	56.7567	53.0016	35.5403	34.0383	33.6628	34.226	34.6015	31	3.27	2021-09-01 18:41::06
214	4189AB83	40046	44.3648	54.8791	51.875	35.1648	33.6628	33.8505	34.7893	34.6015	30	3.27	2021-09-01 18:41::08
215	4189AB83	40047	43.9281	52.3771	49.9363	34.5403	32.8505	32.8505	33.7893	33.4138	30	3.27	2021-09-01 18:41::09
216	4189AB83	40048	43.7403	51.2505	49.7485	34.7281	32.6628	32.8505	34.5403	33.4138	31	3.27	2021-09-01 18:41::10
217	4189AB83	40049	44.7403	51.3118	50.1852	35.3526	34.226	34.0383	35.5403	34.4138	31	3.27	2021-09-01 18:41::11
218	4189AB83	40051	43.7403	49.7485	48.9975	34.5403	32.8505	33.0383	34.3526	33.6015	31	3.28	2021-09-01 18:41::13
219	4189AB83	40052	43.3648	48.8097	47.8709	34.3526	32.6628	33.0383	34.9158	33.7893	30	3.27	2021-09-01 18:41::14
220	4189AB83	40053	43.5526	48.2465	47.4954	34.5403	32.8505	33.6015	34.7281	33.7893	30	3.27	2021-09-01 18:41::14
221	4189AB83	40056	43.5526	47.4954	47.1199	34.5403	33.0383	33.6015	35.4791	33.6015	31	3.27	2021-09-01 18:41::17
222	4189AB83	40059	43.1771	47.3077	47.1199	34.3526	32.8505	33.6015	35.4791	33.6015	31	3.27	2021-09-01 18:41::20
223	4189AB83	40062	43.1771	46.5567	46.3689	34.1648	33.4138	33.6015	36.0424	33.6015	31	3.27	2021-09-01 18:41::23
224	4189AB83	34768	45.6179	45.8056	45.6179	34.3526	33.0383	34.1648	36.2301	33.6015	31	3.28	2021-09-01 18:41::25
225	4189AB83	34769	61.3893	45.0546	45.2424	34.3526	33.7893	34.1648	36.2301	33.6015	31	3.27	2021-09-01 18:41::26
226	4189AB83	34771	63.6424	45.0546	45.4301	34.3526	33.7893	34.3526	36.4179	33.4138	31	3.27	2021-09-01 18:41::28
227	4189AB83	34774	65.3322	44.8669	45.4301	34.5403	33.7893	34.5403	36.0424	33.6015	31	3.27	2021-09-01 18:41::31
228	4189AB83	34775	60.6383	44.6791	45.6179	34.5403	34.1648	34.3526	46.9322	33.6015	30	3.28	2021-09-01 18:41::32
229	4189AB83	34777	56.6954	44.4913	45.6179	34.3526	33.7893	34.9158	59.1363	33.7893	31	3.28	2021-09-01 18:41::33
230	4189AB83	34779	53.5036	44.8669	46.3689	34.5403	33.7893	34.9158	68.1485	33.6015	30	3.27	2021-09-01 18:41::35
231	4189AB83	34780	51.2505	44.3036	46.1811	34.5403	33.977	34.9158	75.471	33.7893	30	3.28	2021-09-01 18:41::36
232	4189AB83	34782	50.124	44.6791	45.9934	34.3526	33.6015	35.1036	74.5322	33.7893	30	3.28	2021-09-01 18:41::38
233	4189AB83	34784	49.373	44.6791	45.9934	34.5403	34.5403	35.2913	65.8955	34.1648	31	3.27	2021-09-01 18:41::40
234	4189AB83	34786	47.8709	44.1158	45.8056	34.3526	34.3526	35.6668	55.1934	33.977	30	3.28	2021-09-01 18:41::42
235	4189AB83	34788	47.1199	44.4913	45.9934	34.7281	34.9158	35.6668	50.3118	34.3526	30	3.28	2021-09-01 18:41::43
236	4189AB83	34790	46.9322	44.4913	45.8056	34.1648	35.1036	36.0424	47.6832	33.7893	31	3.27	2021-09-01 18:41::45
237	4189AB83	34791	46.1811	44.4913	45.6179	34.5403	34.9158	36.2301	44.8669	33.7893	31	3.28	2021-09-01 18:41::46
238	4189AB83	34793	45.9934	44.1158	45.4301	34.5403	34.7281	35.8546	42.9893	33.7893	31	3.28	2021-09-01 18:41::48
239	4189AB83	34794	45.9934	44.1158	45.2424	34.3526	35.1036	36.4179	42.0505	33.7893	30	3.27	2021-09-01 18:41::49
240	4189AB83	34796	44.8669	44.4913	45.0546	34.5403	35.4791	36.0424	40.5485	33.977	30	3.28	2021-09-01 18:41::51
241	4189AB83	34797	44.8669	44.1158	45.0546	34.7281	35.2913	36.2301	39.7975	33.7893	31	3.28	2021-09-01 18:41::51
242	4189AB83	34799	44.4913	43.9281	44.6791	34.3526	35.4791	36.6056	39.422	34.1648	30	3.28	2021-09-01 18:41::53
243	4189AB83	34800	44.6791	43.9281	45.0546	34.1648	35.4791	36.4179	39.0464	34.1648	30	3.27	2021-09-01 18:41::54
244	4189AB83	34802	44.3036	43.9281	44.4913	34.3526	35.6668	36.7934	38.6709	34.1648	30	3.28	2021-09-01 18:41::56
245	4189AB83	34803	44.1158	43.5526	44.3036	34.3526	35.1036	36.4179	37.7322	34.1648	31	3.27	2021-09-01 18:41::57
246	4189AB83	34805	43.7403	43.3648	44.3036	34.3526	35.6668	36.2301	37.9199	34.3526	30	3.28	2021-09-01 18:41::59
247	4189AB83	34807	43.5526	43.3648	43.7403	34.5403	35.6668	36.4179	38.2954	33.6015	30	3.28	2021-09-01 18:42::00
248	4189AB83	34809	43.5526	43.3648	44.1158	34.1648	35.4791	36.4179	38.1077	33.977	31	3.28	2021-09-01 18:42::02
249	4189AB83	34810	43.1771	43.1771	43.7403	34.7281	35.6668	36.6056	37.5444	34.1648	30	3.28	2021-09-01 18:42::03
250	4189AB83	34812	42.6138	42.6138	43.5526	34.3526	35.8546	36.4179	37.5444	34.3526	30	3.27	2021-09-01 18:42::05
251	4189AB83	34813	42.6138	42.6138	42.8016	34.3526	36.0424	36.2301	37.5444	34.3526	30	3.28	2021-09-01 18:42::06
252	4189AB83	34815	42.2383	42.8016	42.9893	34.1648	36.0424	36.4179	37.3566	34.3526	30	3.28	2021-09-01 18:42::08
253	4189AB83	34816	42.426	42.8016	42.8016	34.1648	35.6668	36.2301	36.9811	34.3526	30	3.28	2021-09-01 18:42::09
254	4189AB83	34818	42.6138	42.6138	42.8016	34.5403	36.0424	36.4179	37.1689	34.3526	30	3.28	2021-09-01 18:42::10
255	4189AB83	34820	42.0505	42.0505	42.6138	34.5403	36.0424	36.4179	37.1689	34.3526	30	3.27	2021-09-01 18:42::12
256	4189AB83	34822	42.0505	42.0505	42.426	34.5403	36.0424	36.4179	37.1689	34.1648	30	3.28	2021-09-01 18:42::14
257	4189AB83	34823	41.2383	41.2383	41.2383	33.5403	35.2301	35.4179	36.1689	33.1648	30	3.28	2021-09-01 18:42::15
258	4189AB83	34825	42.2383	42.0505	42.2383	34.5403	36.0424	36.6056	36.9811	34.1648	30	3.27	2021-09-01 18:42::17
259	4189AB83	34827	41.0505	41.0505	41.426	33.5403	35.2301	35.0424	35.7934	33.1648	30	3.27	2021-09-01 18:42::18
260	4189AB83	34829	41.4873	42.0505	42.0505	34.3526	36.0424	36.4179	36.9811	33.977	30	3.27	2021-09-01 18:42::20
261	4189AB83	34831	41.675	41.8628	41.8628	34.1648	35.8546	36.6056	36.6056	33.977	30	3.27	2021-09-01 18:42::22
262	4189AB83	34833	41.4873	41.4873	41.8628	34.3526	36.2301	36.4179	37.1689	34.1648	30	3.28	2021-09-01 18:42::24
263	4189AB83	34835	41.2995	41.2995	41.8628	34.9158	36.4179	36.7934	36.7934	34.1648	30	3.27	2021-09-01 18:42::26
264	4189AB83	34836	41.1118	41.4873	41.4873	34.3526	36.2301	36.4179	36.6056	33.977	30	3.28	2021-09-01 18:42::26
265	4189AB83	34838	40.2995	40.4873	40.4873	32.977	35.2301	35.6056	36.1689	33.1648	30	3.28	2021-09-01 18:42::28
266	4189AB83	34840	41.1118	41.1118	41.2995	34.3526	36.4179	36.9811	36.7934	33.7893	30	3.28	2021-09-01 18:42::30
267	4189AB83	34841	40.1118	40.2995	40.1118	33.3526	35.4179	35.6056	35.7934	33.1648	30	3.28	2021-09-01 18:42::31
268	4189AB83	34843	40.924	41.2995	41.675	34.9158	36.4179	36.2301	36.9811	33.977	30	3.27	2021-09-01 18:42::33
269	4189AB83	34844	39.7362	40.1118	40.4873	33.1648	35.0424	35.2301	35.9811	33.1648	30	3.28	2021-09-01 18:42::34
270	4189AB83	34846	40.924	40.924	41.1118	34.7281	36.4179	36.2301	36.9811	33.977	30	3.27	2021-09-01 18:42::35
271	4189AB83	34848	39.924	40.1118	40.1118	33.1648	35.0424	35.4179	35.6056	33.5403	30	3.27	2021-09-01 18:42::37
272	4189AB83	34850	40.7362	41.1118	41.1118	34.5403	36.4179	36.6056	36.6056	33.977	30	3.27	2021-09-01 18:42::39
273	4189AB83	34852	39.5485	39.924	39.5485	33.5403	35.2301	35.4179	35.6056	33.1648	30	3.27	2021-09-01 18:42::41
274	4189AB83	34853	39.7362	39.924	39.5485	33.5403	35.0424	35.4179	35.7934	33.1648	30	3.27	2021-09-01 18:42::42
275	4189AB83	34855	39.5485	39.5485	39.7362	33.7281	35.4179	35.2301	35.9811	33.1648	30	3.27	2021-09-01 18:42::44
276	4189AB83	34857	39.3607	39.3607	39.924	33.5403	35.4179	35.6056	35.4179	33.1648	30	3.27	2021-09-01 18:42::45
277	4189AB83	34858	39.7362	39.924	39.7362	33.3526	35.4179	35.4179	35.9811	33.3526	30	3.27	2021-09-01 18:42::46
278	4189AB83	34860	39.5485	39.7362	39.7362	33.3526	35.4179	35.6056	35.9811	33.3526	30	3.27	2021-09-01 18:42::48
279	4189AB83	34862	39.3607	38.9852	39.5485	33.5403	35.2301	35.4179	36.1689	32.977	30	3.28	2021-09-01 18:42::50
280	4189AB83	34863	39.173	39.3607	39.5485	33.3526	35.4179	35.7934	35.9811	32.977	30	3.28	2021-09-01 18:42::51
281	4189AB83	34865	38.7975	39.3607	39.7362	33.3526	35.4179	35.6056	35.9811	32.977	30	3.27	2021-09-01 18:42::53
282	4189AB83	34867	38.9852	39.3607	39.3607	33.7281	35.6056	35.4179	35.7934	32.977	30	3.28	2021-09-01 18:42::54
283	4189AB83	34868	38.7975	39.3607	39.173	33.3526	35.4179	35.2301	36.1689	33.1648	30	3.28	2021-09-01 18:42::55
284	4189AB83	34870	38.7975	39.173	39.3607	33.5403	35.4179	35.6056	35.7934	33.3526	30	3.27	2021-09-01 18:42::57
285	4189AB83	34872	39.3607	39.173	39.3607	33.3526	35.4179	35.7934	35.9811	33.1648	30	3.27	2021-09-01 18:42::59
286	4189AB83	34873	38.9852	39.7362	39.5485	33.5403	35.7934	35.4179	35.9811	33.1648	30	3.27	2021-09-01 18:43::00
287	4189AB83	34875	39.173	39.173	39.5485	33.1648	35.4179	35.9811	35.9811	33.3526	30	3.28	2021-09-01 18:43::02
288	4189AB83	34876	38.7975	39.173	39.173	33.5403	35.6056	35.7934	35.9811	33.1648	30	3.27	2021-09-01 18:43::02
289	4189AB83	34878	39.3607	39.173	38.7975	33.3526	35.6056	35.6056	35.9811	33.3526	30	3.28	2021-09-01 18:43::04
290	4189AB83	34879	38.7975	39.5485	39.3607	33.5403	35.4179	35.6056	36.1689	33.1648	30	3.28	2021-09-01 18:43::05
291	4189AB83	34881	38.9852	39.173	39.173	33.5403	35.7934	35.6056	35.7934	32.7893	30	3.27	2021-09-01 18:43::07
292	4189AB83	34883	38.9852	38.7975	38.6097	33.5403	35.7934	35.7934	36.1689	33.1648	30	3.28	2021-09-01 18:43::09
293	4189AB83	34884	38.9852	38.9852	38.7975	33.3526	35.7934	35.7934	36.1689	32.977	30	3.28	2021-09-01 18:43::10
294	4189AB83	34886	39.3607	39.173	38.7975	33.3526	35.7934	35.9811	35.9811	33.1648	30	3.27	2021-09-01 18:43::11
295	4189AB83	34888	38.7975	38.7975	38.7975	33.5403	35.6056	35.7934	36.1689	33.3526	30	3.28	2021-09-01 18:43::13
296	4189AB83	34890	38.7975	38.9852	38.9852	33.1648	35.9811	35.7934	36.1689	33.3526	30	3.27	2021-09-01 18:43::15
297	4189AB83	34891	38.7975	38.7975	38.7975	33.5403	35.6056	35.9811	36.1689	33.1648	30	3.28	2021-09-01 18:43::16
298	4189AB83	34893	38.6097	38.9852	39.173	33.3526	35.9811	35.6056	36.3566	33.3526	30	3.28	2021-09-01 18:43::18
299	4189AB83	34894	38.7975	38.7975	38.6097	33.5403	35.4179	35.6056	36.1689	33.1648	30	3.28	2021-09-01 18:43::19
300	4189AB83	34896	42.6138	42.6138	43.5526	34.3526	35.8546	36.4179	37.5444	34.3526	30	3.27	2021-09-01 18:43::20
-52.28
301	4189AB83	34897	42.6138	42.6138	42.8016	34.3526	36.0424	36.2301	37.5444	34.3526	30	3.28	2021-09-01 18:43::21
302	4189AB83	34899	42.2383	42.8016	42.9893	34.1648	36.0424	36.4179	37.3566	34.3526	30	3.27	2021-09-01 18:43::23
303	4189AB83	34900	42.426	42.8016	42.8016	34.1648	35.6668	36.2301	36.9811	34.3526	30	3.27	2021-09-01 18:43::24
304	4189AB83	34901	42.6138	42.6138	42.8016	34.5403	36.0424	36.4179	37.1689	34.3526	30	3.27	2021-09-01 18:43::25
305	4189AB83	34903	42.0505	42.0505	42.6138	34.5403	36.0424	36.4179	37.1689	34.3526	30	3.27	2021-09-01 18:43::27
306	4189AB83	34904	42.0505	42.0505	42.426	34.5403	36.0424	36.4179	37.1689	34.1648	30	3.27	2021-09-01 18:43::28
307	4189AB83	34906	41.2383	41.2383	41.2383	33.5403	35.2301	35.4179	36.1689	33.1648	30	3.27	2021-09-01 18:43::29
308	4189AB83	34907	42.2383	42.0505	42.2383	34.5403	36.0424	36.6056	36.9811	34.1648	30	3.28	2021-09-01 18:43::30
309	4189AB83	34908	41.0505	41.0505	41.426	33.5403	35.2301	35.0424	35.7934	33.1648	30	3.27	2021-09-01 18:43::31
310	4189AB83	34910	41.4873	42.0505	42.0505	34.3526	36.0424	36.4179	36.9811	33.977	30	3.27	2021-09-01 18:43::33
311	4189AB83	34911	41.675	41.8628	41.8628	34.1648	35.8546	36.6056	36.6056	33.977	30	3.27	2021-09-01 18:43::34
312	4189AB83	34912	41.4873	41.4873	41.8628	34.3526	36.2301	36.4179	37.1689	34.1648	30	3.27	2021-09-01 18:43::35
313	4189AB83	34914	41.2995	41.2995	41.8628	34.9158	36.4179	36.7934	36.7934	34.1648	30	3.28	2021-09-01 18:43::37
314	4189AB83	34915	41.1118	41.4873	41.4873	34.3526	36.2301	36.4179	36.6056	33.977	30	3.28	2021-09-01 18:43::38
315	4189AB83	34916	40.2995	40.4873	40.4873	32.977	35.2301	35.6056	36.1689	33.1648	30	3.27	2021-09-01 18:43::38
316	4189AB83	34917	41.1118	41.1118	41.2995	34.3526	36.4179	36.9811	36.7934	33.7893	30	3.27	2021-09-01 18:43::39
317	4189AB83	34919	40.1118	40.2995	40.1118	33.3526	35.4179	35.6056	35.7934	33.1648	30	3.28	2021-09-01 18:43::41
318	4189AB83	34920	40.924	41.2995	41.675	34.9158	36.4179	36.2301	36.9811	33.977	30	3.28	2021-09-01 18:43::42
319	4189AB83	34922	39.7362	40.1118	40.4873	33.1648	35.0424	35.2301	35.9811	33.1648	30	3.27	2021-09-01 18:43::44
320	4189AB83	34923	40.924	40.924	41.1118	34.7281	36.4179	36.2301	36.9811	33.977	30	3.27	2021-09-01 18:43::45
321	4189AB83	34925	39.924	40.1118	40.1118	33.1648	35.0424	35.4179	35.6056	33.5403	30	3.27	2021-09-01 18:43::47
322	4189AB83	34927	40.7362	41.1118	41.1118	34.5403	36.4179	36.6056	36.6056	33.977	30	3.27	2021-09-01 18:43::48
323	4189AB83	34928	39.5485	39.924	39.5485	33.5403	35.2301	35.4179	35.6056	33.1648	30	3.27	2021-09-01 18:43::49
324	4189AB83	34930	39.7362	39.924	39.5485	33.5403	35.0424	35.4179	35.7934	33.1648	30	3.27	2021-09-01 18:43::51
325	4189AB83	34932	39.5485	39.5485	39.7362	33.7281	35.4179	35.2301	35.9811	33.1648	30	3.27	2021-09-01 18:43::53
326	4189AB83	34934	39.3607	39.3607	39.924	33.5403	35.4179	35.6056	35.4179	33.1648	30	3.28	2021-09-01 18:43::55
327	4189AB83	34936	39.7362	39.924	39.7362	33.3526	35.4179	35.4179	35.9811	33.3526	30	3.27	2021-09-01 18:43::56
328	4189AB83	34938	39.5485	39.7362	39.7362	33.3526	35.4179	35.6056	35.9811	33.3526	30	3.27	2021-09-01 18:43::58
329	4189AB83	34939	39.3607	38.9852	39.5485	33.5403	35.2301	35.4179	36.1689	32.977	30	3.27	2021-09-01 18:43::59
330	4189AB83	34941	39.173	39.3607	39.5485	33.3526	35.4179	35.7934	35.9811	32.977	30	3.27	2021-09-01 18:44::01
331	4189AB83	34943	38.7975	39.3607	39.7362	33.3526	35.4179	35.6056	35.9811	32.977	30	3.27	2021-09-01 18:44::03
332	4189AB83	34945	38.9852	39.3607	39.3607	33.7281	35.6056	35.4179	35.7934	32.977	30	3.27	2021-09-01 18:44::04
333	4189AB83	34946	38.7975	39.3607	39.173	33.3526	35.4179	35.2301	36.1689	33.1648	30	3.28	2021-09-01 18:44::05
334	4189AB83	34948	38.7975	39.173	39.3607	33.5403	35.4179	35.6056	35.7934	33.3526	30	3.27	2021-09-01 18:44::07
335	4189AB83	34950	39.3607	39.173	39.3607	33.3526	35.4179	35.7934	35.9811	33.1648	30	3.27	2021-09-01 18:44::09
336	4189AB83	34952	38.9852	39.7362	39.5485	33.5403	35.7934	35.4179	35.9811	33.1648	30	3.28	2021-09-01 18:44::11
337	4189AB83	34953	39.173	39.173	39.5485	33.1648	35.4179	35.9811	35.9811	33.3526	30	3.27	2021-09-01 18:44::12
338	4189AB83	34954	38.7975	39.173	39.173	33.5403	35.6056	35.7934	35.9811	33.1648	30	3.27	2021-09-01 18:44::13
339	4189AB83	34956	39.3607	39.173	38.7975	33.3526	35.6056	35.6056	35.9811	33.3526	30	3.27	2021-09-01 18:44::14
340	4189AB83	34957	38.7975	39.5485	39.3607	33.5403	35.4179	35.6056	36.1689	33.1648	30	3.27	2021-09-01 18:44::15
341	4189AB83	34958	38.9852	39.173	39.173	33.5403	35.7934	35.6056	35.7934	32.7893	30	3.27	2021-09-01 18:44::16
342	4189AB83	34960	38.9852	38.7975	38.6097	33.5403	35.7934	35.7934	36.1689	33.1648	30	3.27	2021-09-01 18:44::18
343	4189AB83	34961	38.9852	38.9852	38.7975	33.3526	35.7934	35.7934	36.1689	32.977	30	3.27	2021-09-01 18:44::19
344	4189AB83	34963	39.3607	39.173	38.7975	33.3526	35.7934	35.9811	35.9811	33.1648	30	3.27	2021-09-01 18:44::21
345	4189AB83	34964	38.7975	38.7975	38.7975	33.5403	35.6056	35.7934	36.1689	33.3526	30	3.27	2021-09-01 18:44::22
346	4189AB83	34966	38.7975	38.9852	38.9852	33.1648	35.9811	35.7934	36.1689	33.3526	30	3.27	2021-09-01 18:44::23
347	4189AB83	34968	38.7975	38.7975	38.7975	33.5403	35.6056	35.9811	36.1689	33.1648	30	3.27	2021-09-01 18:44::25
348	4189AB83	34969	38.6097	38.9852	39.173	33.3526	35.9811	35.6056	36.3566	33.3526	30	3.27	2021-09-01 18:44::26
349	4189AB83	34970	38.7975	38.7975	38.6097	33.5403	35.4179	35.6056	36.1689	33.1648	30	3.27	2021-09-01 18:44::27
350	4189AB83	34972	38.7975	38.7975	38.6097	33.3526	36.1689	35.7934	36.3566	33.3526	30	3.27	2021-09-01 18:44::29
351	4189AB83	34973	38.7975	38.422	38.7975	33.7281	35.7934	35.7934	36.1689	32.977	30	3.27	2021-09-01 18:44::30
352	4189AB83	34975	38.9852	38.7975	38.9852	33.9158	35.6056	35.7934	35.9811	32.7893	30	3.27	2021-09-01 18:44::31
353	4189AB83	34976	38.6097	38.7975	38.7975	33.3526	35.9811	36.1689	36.1689	33.3526	30	3.27	2021-09-01 18:44::32
354	4189AB83	34978	38.6097	38.7975	38.6097	33.3526	35.9811	36.1689	35.9811	32.977	30	3.27	2021-09-01 18:44::34
355	4189AB83	34979	38.6097	38.6097	38.6097	33.1648	35.7934	35.9811	36.1689	33.1648	30	3.27	2021-09-01 18:44::35
356	4189AB83	34981	38.7975	38.9852	38.6097	33.1648	36.1689	35.9811	36.1689	32.977	30	3.28	2021-09-01 18:44::37
357	4189AB83	34982	38.7975	38.6097	38.9852	33.5403	36.1689	35.9811	36.1689	33.3526	30	3.27	2021-09-01 18:44::38
358	4189AB83	34984	38.422	38.9852	38.422	33.5403	35.7934	36.3566	36.3566	33.1648	30	3.27	2021-09-01 18:44::40
359	4189AB83	34985	38.9852	38.7975	38.7975	33.3526	36.3566	36.1689	36.3566	33.1648	30	3.27	2021-09-01 18:44::40
360	4189AB83	34987	38.7975	38.6097	38.7975	33.3526	36.1689	35.9811	36.3566	33.3526	30	3.27	2021-09-01 18:44::42
361	4189AB83	34988	38.6097	38.7975	38.7975	33.3526	35.9811	36.1689	36.1689	33.1648	30	3.28	2021-09-01 18:44::43
362	4189AB83	34990	38.422	38.6097	38.422	33.1648	35.9811	35.7934	36.1689	33.5403	30	3.27	2021-09-01 18:44::45
363	4189AB83	34992	38.6097	38.7975	38.6097	33.1648	35.7934	36.1689	36.3566	33.5403	30	3.27	2021-09-01 18:44::47
364	4189AB83	34993	38.422	38.6097	38.6097	33.5403	36.1689	35.7934	36.3566	33.5403	30	3.27	2021-09-01 18:44::48
365	4189AB83	34995	38.422	38.6097	38.7975	33.1648	35.7934	36.3566	36.5444	33.3526	30	3.27	2021-09-01 18:44::49
366	4189AB83	34996	38.2342	38.422	38.6097	33.5403	36.1689	36.1689	36.3566	33.3526	30	3.27	2021-09-01 18:44::50
367	4189AB83	34998	38.422	38.7975	38.7975	33.3526	36.1689	36.5444	36.7322	33.5403	30	3.27	2021-09-01 18:44::52
368	4189AB83	34999	38.6097	38.7975	38.422	33.3526	35.7934	36.3566	36.7322	33.5403	30	3.27	2021-09-01 18:44::53
369	4189AB83	35001	38.6097	38.6097	38.6097	33.7281	35.9811	36.5444	36.1689	33.3526	30	3.27	2021-09-01 18:44::55
370	4189AB83	35002	38.7975	38.7975	38.422	33.3526	36.3566	36.3566	36.3566	33.3526	30	3.27	2021-09-01 18:44::56
371	4189AB83	35004	38.422	38.6097	38.422	33.5403	36.1689	36.3566	36.1689	33.3526	30	3.27	2021-09-01 18:44::58
372	4189AB83	35005	38.422	38.422	38.7975	33.3526	36.3566	36.3566	36.3566	33.5403	30	3.27	2021-09-01 18:44::58
373	4189AB83	35006	38.422	38.6097	38.7975	33.5403	36.3566	36.3566	36.5444	33.3526	30	3.27	2021-09-01 18:44::59
374	4189AB83	35008	38.7975	38.6097	38.6097	33.1648	36.1689	36.1689	36.5444	33.5403	30	3.27	2021-09-01 18:45::01
375	4189AB83	35010	38.2342	38.6097	38.6097	33.3526	36.5444	36.5444	36.5444	33.1648	30	3.27	2021-09-01 18:45::03
376	4189AB83	35011	38.0464	38.422	38.422	33.7281	36.3566	36.3566	36.5444	33.1648	30	3.27	2021-09-01 18:45::04
377	4189AB83	35012	38.2342	38.7975	38.2342	33.5403	36.1689	36.1689	36.1689	33.3526	30	3.27	2021-09-01 18:45::05
378	4189AB83	35014	38.2342	38.422	38.422	33.1648	36.1689	36.3566	36.3566	33.1648	30	3.27	2021-09-01 18:45::07
379	4189AB83	35015	38.0464	38.422	38.2342	33.5403	36.5444	36.1689	36.1689	33.3526	30	3.27	2021-09-01 18:45::07
380	4189AB83	35017	38.2342	38.422	38.6097	33.3526	36.5444	36.3566	36.3566	33.3526	30	3.27	2021-09-01 18:45::09
381	4189AB83	35018	38.422	38.6097	38.2342	33.3526	36.1689	36.5444	36.3566	33.7281	30	3.27	2021-09-01 18:45::10
382	4189AB83	35020	38.6097	38.7975	38.422	33.5403	36.3566	36.5444	36.9199	33.5403	30	3.27	2021-09-01 18:45::12
383	4189AB83	35021	38.2342	38.422	38.422	33.7281	35.9811	36.5444	36.7322	33.5403	30	3.27	2021-09-01 18:45::13
384	4189AB83	35022	38.422	38.2342	38.0464	33.3526	36.3566	36.5444	36.3566	33.3526	30	3.27	2021-09-01 18:45::14
385	4189AB83	35024	38.2342	38.2342	38.2342	33.3526	36.1689	36.3566	36.7322	33.7281	30	3.27	2021-09-01 18:45::16
386	4189AB83	35026	37.8587	38.6097	38.422	33.7281	36.1689	36.3566	36.1689	33.7281	30	3.28	2021-09-01 18:45::17
387	4189AB83	35027	38.0464	38.2342	38.422	33.5403	36.3566	36.3566	36.5444	33.7281	30	3.27	2021-09-01 18:45::18
388	4189AB83	35029	38.2342	37.8587	38.2342	33.3526	36.3566	36.5444	36.5444	33.5403	30	3.27	2021-09-01 18:45::20
389	4189AB83	35030	38.0464	38.2342	38.2342	33.3526	36.1689	36.7322	36.5444	33.5403	30	3.27	2021-09-01 18:45::21
390	4189AB83	35031	38.0464	38.422	38.7975	33.3526	36.5444	36.1689	36.9199	33.7281	30	3.27	2021-09-01 18:45::22
391	4189AB83	35033	37.8587	38.422	38.2342	33.7281	36.3566	36.5444	36.5444	33.5403	30	3.27	2021-09-01 18:45::24
392	4189AB83	35034	38.2342	38.2342	38.2342	33.3526	36.5444	36.5444	36.5444	33.7281	30	3.27	2021-09-01 18:45::25
393	4189AB83	35036	37.8587	38.2342	38.422	33.3526	36.3566	36.7322	36.5444	33.9158	30	3.27	2021-09-01 18:45::26
394	4189AB83	35037	38.0464	38.422	38.2342	33.5403	36.7322	36.7322	36.5444	33.5403	30	3.27	2021-09-01 18:45::27
395	4189AB83	35038	38.422	38.422	38.0464	33.3526	36.5444	36.5444	36.9199	33.9158	30	3.27	2021-09-01 18:45::28
396	4189AB83	35040	37.6709	38.422	38.2342	33.5403	36.5444	36.3566	36.5444	33.5403	30	3.27	2021-09-01 18:45::30
397	4189AB83	35042	38.0464	38.422	38.2342	33.5403	36.5444	36.9199	36.9199	34.1036	30	3.27	2021-09-01 18:45::32
398	4189AB83	35044	38.422	38.2342	38.2342	33.5403	36.5444	36.9199	36.5444	33.7281	30	3.27	2021-09-01 18:45::34
399	4189AB83	35045	38.2342	38.6097	38.6097	33.3526	36.7322	36.9199	36.9199	33.9158	30	3.27	2021-09-01 18:45::34
400	4189AB83	35046	38.7975	38.7975	38.6097	33.3526	36.1689	35.7934	36.3566	33.3526	30	3.27	2021-09-01 18:45::35
0.5
401	4189AB83	35048	38.7975	38.422	38.7975	33.7281	35.7934	35.7934	36.1689	32.977	30	3.28	2021-09-01 18:45::37
402	4189AB83	35049	38.9852	38.7975	38.9852	33.9158	35.6056	35.7934	35.9811	32.7893	30	3.27	2021-09-01 18:45::38
403	4189AB83	35050	38.6097	38.7975	38.7975	33.3526	35.9811	36.1689	36.1689	33.3526	30	3.27	2021-09-01 18:45::39
404	4189AB83	35052	38.6097	38.7975	38.6097	33.3526	35.9811	36.1689	35.9811	32.977	30	3.27	2021-09-01 18:45::41
405	4189AB83	35053	38.6097	38.6097	38.6097	33.1648	35.7934	35.9811	36.1689	33.1648	30	3.27	2021-09-01 18:45::42
406	4189AB83	35055	38.7975	38.9852	38.6097	33.1648	36.1689	35.9811	36.1689	32.977	30	3.27	2021-09-01 18:45::43
407	4189AB83	35056	38.7975	38.6097	38.9852	33.5403	36.1689	35.9811	36.1689	33.3526	30	3.27	2021-09-01 18:45::44
408	4189AB83	35057	38.422	38.9852	38.422	33.5403	35.7934	36.3566	36.3566	33.1648	30	3.27	2021-09-01 18:45::45
409	4189AB83	35059	38.9852	38.7975	38.7975	33.3526	36.3566	36.1689	36.3566	33.1648	30	3.27	2021-09-01 18:45::47
410	4189AB83	35060	38.7975	38.6097	38.7975	33.3526	36.1689	35.9811	36.3566	33.3526	30	3.27	2021-09-01 18:45::48
411	4189AB83	35062	38.6097	38.7975	38.7975	33.3526	35.9811	36.1689	36.1689	33.1648	30	3.27	2021-09-01 18:45::50
412	4189AB83	35063	38.422	38.6097	38.422	33.1648	35.9811	35.7934	36.1689	33.5403	30	3.27	2021-09-01 18:45::51
413	4189AB83	35065	38.6097	38.7975	38.6097	33.1648	35.7934	36.1689	36.3566	33.5403	30	3.28	2021-09-01 18:45::52
414	4189AB83	35066	38.422	38.6097	38.6097	33.5403	36.1689	35.7934	36.3566	33.5403	30	3.27	2021-09-01 18:45::53
415	4189AB83	35067	38.422	38.6097	38.7975	33.1648	35.7934	36.3566	36.5444	33.3526	30	3.27	2021-09-01 18:45::54
416	4189AB83	35069	38.2342	38.422	38.6097	33.5403	36.1689	36.1689	36.3566	33.3526	30	3.27	2021-09-01 18:45::56
417	4189AB83	35070	38.422	38.7975	38.7975	33.3526	36.1689	36.5444	36.7322	33.5403	30	3.27	2021-09-01 18:45::57
418	4189AB83	35072	38.6097	38.7975	38.422	33.3526	35.7934	36.3566	36.7322	33.5403	30	3.27	2021-09-01 18:45::59
419	4189AB83	35073	38.6097	38.6097	38.6097	33.7281	35.9811	36.5444	36.1689	33.3526	30	3.27	2021-09-01 18:46::00
420	4189AB83	35074	38.7975	38.7975	38.422	33.3526	36.3566	36.3566	36.3566	33.3526	30	3.27	2021-09-01 18:46::00
421	4189AB83	35075	38.422	38.6097	38.422	33.5403	36.1689	36.3566	36.1689	33.3526	30	3.27	2021-09-01 18:46::01
422	4189AB83	35076	38.422	38.422	38.7975	33.3526	36.3566	36.3566	36.3566	33.5403	30	3.27	2021-09-01 18:46::02
423	4189AB83	35078	38.422	38.6097	38.7975	33.5403	36.3566	36.3566	36.5444	33.3526	30	3.27	2021-09-01 18:46::04
424	4189AB83	35079	38.7975	38.6097	38.6097	33.1648	36.1689	36.1689	36.5444	33.5403	30	3.27	2021-09-01 18:46::05
425	4189AB83	35080	38.2342	38.6097	38.6097	33.3526	36.5444	36.5444	36.5444	33.1648	30	3.27	2021-09-01 18:46::06
426	4189AB83	35081	38.0464	38.422	38.422	33.7281	36.3566	36.3566	36.5444	33.1648	30	3.27	2021-09-01 18:46::07
427	4189AB83	35082	38.2342	38.7975	38.2342	33.5403	36.1689	36.1689	36.1689	33.3526	30	3.27	2021-09-01 18:46::08
428	4189AB83	35084	38.2342	38.422	38.422	33.1648	36.1689	36.3566	36.3566	33.1648	30	3.27	2021-09-01 18:46::09
429	4189AB83	35085	38.0464	38.422	38.2342	33.5403	36.5444	36.1689	36.1689	33.3526	30	3.27	2021-09-01 18:46::10
430	4189AB83	35086	38.2342	38.422	38.6097	33.3526	36.5444	36.3566	36.3566	33.3526	30	3.27	2021-09-01 18:46::11
431	4189AB83	35088	38.422	38.6097	38.2342	33.3526	36.1689	36.5444	36.3566	33.7281	30	3.27	2021-09-01 18:46::13
432	4189AB83	35089	38.6097	38.7975	38.422	33.5403	36.3566	36.5444	36.9199	33.5403	30	3.28	2021-09-01 18:46::14
433	4189AB83	35091	38.2342	38.422	38.422	33.7281	35.9811	36.5444	36.7322	33.5403	30	3.28	2021-09-01 18:46::16
434	4189AB83	35092	38.422	38.2342	38.0464	33.3526	36.3566	36.5444	36.3566	33.3526	30	3.27	2021-09-01 18:46::17
435	4189AB83	35094	38.2342	38.2342	38.2342	33.3526	36.1689	36.3566	36.7322	33.7281	30	3.27	2021-09-01 18:46::18
436	4189AB83	35095	37.8587	38.6097	38.422	33.7281	36.1689	36.3566	36.1689	33.7281	30	3.27	2021-09-01 18:46::19
437	4189AB83	35097	38.0464	38.2342	38.422	33.5403	36.3566	36.3566	36.5444	33.7281	30	3.27	2021-09-01 18:46::21
438	4189AB83	35098	38.2342	37.8587	38.2342	33.3526	36.3566	36.5444	36.5444	33.5403	30	3.27	2021-09-01 18:46::22
439	4189AB83	35099	38.0464	38.2342	38.2342	33.3526	36.1689	36.7322	36.5444	33.5403	30	3.28	2021-09-01 18:46::23
440	4189AB83	35101	38.0464	38.422	38.7975	33.3526	36.5444	36.1689	36.9199	33.7281	30	3.27	2021-09-01 18:46::25
441	4189AB83	35102	37.8587	38.422	38.2342	33.7281	36.3566	36.5444	36.5444	33.5403	30	3.27	2021-09-01 18:46::26
442	4189AB83	35104	38.2342	38.2342	38.2342	33.3526	36.5444	36.5444	36.5444	33.7281	30	3.27	2021-09-01 18:46::27
443	4189AB83	35106	37.8587	38.2342	38.422	33.3526	36.3566	36.7322	36.5444	33.9158	30	3.27	2021-09-01 18:46::29
444	4189AB83	35107	38.0464	38.422	38.2342	33.5403	36.7322	36.7322	36.5444	33.5403	30	3.27	2021-09-01 18:46::30
445	4189AB83	35108	38.422	38.422	38.0464	33.3526	36.5444	36.5444	36.9199	33.9158	30	3.27	2021-09-01 18:46::31
446	4189AB83	35109	37.6709	38.422	38.2342	33.5403	36.5444	36.3566	36.5444	33.5403	30	3.27	2021-09-01 18:46::32
447	4189AB83	35110	38.0464	38.422	38.2342	33.5403	36.5444	36.9199	36.9199	34.1036	30	3.28	2021-09-01 18:46::33
448	4189AB83	35112	38.422	38.2342	38.2342	33.5403	36.5444	36.9199	36.5444	33.7281	30	3.27	2021-09-01 18:46::35
449	4189AB83	35113	38.2342	38.6097	38.6097	33.3526	36.7322	36.9199	36.9199	33.9158	30	3.27	2021-09-01 18:46::36
450	4189AB83	35114	38.2342	38.0464	38.2342	33.5403	36.3566	36.3566	36.9199	33.7281	30	3.27	2021-09-01 18:46::36
451	4189AB83	35116	37.8587	38.2342	38.2342	33.1648	36.3566	36.5444	36.9199	33.5403	30	3.27	2021-09-01 18:46::38
452	4189AB83	35117	38.422	38.2342	38.422	33.3526	36.3566	36.7322	36.7322	33.5403	30	3.27	2021-09-01 18:46::39
453	4189AB83	35119	37.8587	38.6097	38.0464	33.3526	36.5444	36.5444	36.7322	33.9158	30	3.27	2021-09-01 18:46::41
454	4189AB83	35121	37.8587	38.0464	38.0464	33.5403	36.7322	36.5444	36.5444	33.7281	30	3.27	2021-09-01 18:46::43
455	4189AB83	35122	38.0464	38.0464	38.2342	33.3526	36.5444	36.5444	36.9199	33.9158	30	3.27	2021-09-01 18:46::44
456	4189AB83	35124	38.0464	38.2342	38.2342	33.3526	36.7322	36.9199	36.7322	33.5403	30	3.27	2021-09-01 18:46::45
457	4189AB83	35125	38.2342	38.2342	37.8587	33.5403	36.5444	36.7322	36.5444	33.5403	30	3.27	2021-09-01 18:46::46
458	4189AB83	35126	38.2342	38.0464	38.2342	33.3526	36.5444	36.7322	37.1077	33.7281	30	3.27	2021-09-01 18:46::47
459	4189AB83	35128	37.8587	38.2342	38.0464	33.5403	36.9199	36.7322	36.7322	33.5403	29	3.27	2021-09-01 18:46::49
460	4189AB83	35130	38.0464	38.2342	38.0464	33.7281	36.7322	36.5444	36.5444	33.7281	30	3.27	2021-09-01 18:46::51
461	4189AB83	35131	38.2342	38.2342	38.0464	33.5403	36.5444	36.7322	37.1077	33.9158	30	3.27	2021-09-01 18:46::52
462	4189AB83	35133	38.2342	38.0464	38.6097	32.977	36.5444	36.5444	36.7322	33.3526	30	3.27	2021-09-01 18:46::54
463	4189AB83	35134	38.0464	38.0464	38.2342	33.1648	36.5444	37.1077	36.9199	33.7281	30	3.27	2021-09-01 18:46::54
464	4189AB83	35135	38.2342	38.0464	38.0464	33.3526	36.7322	36.7322	36.7322	33.5403	29	3.27	2021-09-01 18:46::55
465	4189AB83	35137	38.422	37.8587	38.2342	33.1648	36.7322	36.9199	37.1077	33.5403	30	3.27	2021-09-01 18:46::57
466	4189AB83	35138	38.2342	38.0464	38.0464	33.1648	36.7322	36.7322	36.9199	33.7281	30	3.27	2021-09-01 18:46::58
467	4189AB83	35140	38.2342	38.2342	38.0464	33.3526	36.7322	36.7322	36.7322	33.9158	29	3.27	2021-09-01 18:47::00
468	4189AB83	35141	37.8587	38.0464	38.2342	33.3526	36.5444	37.2954	36.9199	33.7281	30	3.27	2021-09-01 18:47::01
469	4189AB83	35143	37.8587	38.0464	37.8587	33.3526	36.7322	36.7322	36.9199	33.5403	30	3.27	2021-09-01 18:47::03
470	4189AB83	35144	38.2342	38.0464	38.2342	33.5403	36.9199	36.7322	36.9199	33.5403	30	3.27	2021-09-01 18:47::03
471	4189AB83	35146	38.2342	37.8587	38.0464	33.1648	36.9199	36.7322	36.7322	33.9158	30	3.27	2021-09-01 18:47::05
472	4189AB83	35147	38.0464	38.2342	38.0464	33.1648	36.7322	36.9199	36.9199	33.5403	30	3.28	2021-09-01 18:47::06
473	4189AB83	35149	37.8587	38.422	38.0464	33.5403	36.5444	36.7322	36.9199	33.5403	30	3.27	2021-09-01 18:47::08
474	4189AB83	35150	38.0464	38.2342	38.2342	33.3526	36.7322	36.7322	36.7322	33.7281	30	3.27	2021-09-01 18:47::09
475	4189AB83	35152	38.2342	38.0464	38.422	33.3526	36.5444	36.9199	36.9199	33.7281	29	3.27	2021-09-01 18:47::11
476	4189AB83	35153	38.0464	37.6709	38.2342	32.977	36.9199	36.5444	37.1077	33.3526	29	3.27	2021-09-01 18:47::12
477	4189AB83	35154	38.0464	37.8587	38.0464	33.5403	36.7322	36.7322	37.1077	33.5403	30	3.27	2021-09-01 18:47::12
478	4189AB83	35156	37.8587	37.8587	37.8587	33.7281	37.1077	36.5444	36.9199	33.7281	30	3.27	2021-09-01 18:47::14
479	4189AB83	35157	36.6709	37.0464	36.8587	32.3526	35.7322	35.7322	35.7322	32.5403	30	3.27	2021-09-01 18:47::15
480	4189AB83	35158	38.2342	38.2342	38.2342	33.3526	36.7322	36.5444	36.9199	33.1648	29	3.27	2021-09-01 18:47::16
481	4189AB83	35159	37.8587	37.8587	38.0464	33.5403	36.9199	36.9199	37.1077	33.3526	30	3.27	2021-09-01 18:47::17
482	4189AB83	35161	37.8587	37.8587	38.0464	33.1648	36.5444	36.7322	37.1077	33.7281	30	3.27	2021-09-01 18:47::19
483	4189AB83	35162	36.6709	36.6709	36.8587	32.3526	35.7322	35.9199	35.9199	32.5403	29	3.27	2021-09-01 18:47::20
484	4189AB83	35164	38.0464	38.0464	38.422	33.3526	36.7322	36.9199	36.9199	33.3526	30	3.27	2021-09-01 18:47::21
485	4189AB83	35165	38.2342	38.0464	37.8587	33.1648	36.9199	36.9199	36.7322	33.3526	29	3.27	2021-09-01 18:47::22
486	4189AB83	35166	37.8587	38.0464	37.6709	33.7281	36.7322	37.2954	37.2954	33.5403	30	3.27	2021-09-01 18:47::23
487	4189AB83	35168	36.6709	37.0464	37.0464	32.7281	35.9199	36.1077	36.2954	32.5403	30	3.27	2021-09-01 18:47::25
488	4189AB83	35169	37.8587	38.0464	38.0464	33.5403	36.3566	37.1077	37.1077	33.1648	29	3.27	2021-09-01 18:47::26
489	4189AB83	35170	37.8587	38.0464	37.6709	33.3526	36.7322	36.9199	37.1077	33.5403	30	3.27	2021-09-01 18:47::27
490	4189AB83	35172	37.8587	37.8587	38.0464	33.3526	36.9199	36.7322	37.1077	33.1648	29	3.27	2021-09-01 18:47::29
491	4189AB83	35173	37.0464	36.8587	36.8587	32.5403	35.9199	35.7322	36.1077	32.5403	30	3.27	2021-09-01 18:47::30
492	4189AB83	35175	37.0464	36.8587	36.8587	31.977	35.9199	35.9199	36.1077	32.3526	29	3.27	2021-09-01 18:47::31
493	4189AB83	35176	37.8587	37.8587	37.8587	33.5403	36.9199	36.9199	37.1077	33.1648	30	3.27	2021-09-01 18:47::32
494	4189AB83	35177	38.0464	37.6709	38.0464	33.5403	36.9199	36.7322	37.1077	32.977	30	3.27	2021-09-01 18:47::33
495	4189AB83	35179	37.6709	37.8587	37.6709	33.5403	36.9199	36.7322	37.2954	33.3526	30	3.27	2021-09-01 18:47::35
496	4189AB83	35180	37.6709	38.0464	37.8587	33.5403	36.7322	37.2954	37.2954	33.3526	30	3.27	2021-09-01 18:47::36
497	4189AB83	35182	37.6709	38.0464	38.2342	33.5403	36.7322	37.1077	36.9199	33.1648	30	3.27	2021-09-01 18:47::38
498	4189AB83	35183	38.0464	38.0464	37.8587	33.1648	36.7322	37.1077	37.2954	33.3526	29	3.27	2021-09-01 18:47::39
499	4189AB83	35184	38.0464	37.4832	37.6709	33.3526	36.9199	37.1077	37.4832	33.1648	30	3.27	2021-09-01 18:47::39
500	4189AB83	35186	38.2342	38.0464	38.2342	33.5403	36.3566	36.3566	36.9199	33.7281	30	3.27	2021-09-01 18:47::41
0.4
501	4189AB83	35187	37.8587	38.2342	38.2342	33.1648	36.3566	36.5444	36.9199	33.5403	30	3.27	2021-09-01 18:47::42
502	4189AB83	35188	38.422	38.2342	38.422	33.3526	36.3566	36.7322	36.7322	33.5403	30	3.27	2021-09-01 18:47::43
503	4189AB83	35190	37.8587	38.6097	38.0464	33.3526	36.5444	36.5444	36.7322	33.9158	30	3.27	2021-09-01 18:47::45
504	4189AB83	35191	37.8587	38.0464	38.0464	33.5403	36.7322	36.5444	36.5444	33.7281	29	3.27	2021-09-01 18:47::46
505	4189AB83	35192	38.0464	38.0464	38.2342	33.3526	36.5444	36.5444	36.9199	33.9158	29	3.27	2021-09-01 18:47::47
506	4189AB83	35193	38.0464	38.2342	38.2342	33.3526	36.7322	36.9199	36.7322	33.5403	29	3.27	2021-09-01 18:47::48
507	4189AB83	35194	38.2342	38.2342	37.8587	33.5403	36.5444	36.7322	36.5444	33.5403	29	3.27	2021-09-01 18:47::50
508	4189AB83	35196	38.2342	38.0464	38.2342	33.3526	36.5444	36.7322	37.1077	33.7281	29	3.27	2021-09-01 18:47::52
509	4189AB83	35197	37.8587	38.2342	38.0464	33.5403	36.9199	36.7322	36.7322	33.5403	29	3.27	2021-09-01 18:47::53
510	4189AB83	35199	38.0464	38.2342	38.0464	33.7281	36.7322	36.5444	36.5444	33.7281	30	3.27	2021-09-01 18:47::54
511	4189AB83	35200	38.2342	38.2342	38.0464	33.5403	36.5444	36.7322	37.1077	33.9158	29	3.27	2021-09-01 18:47::55
512	4189AB83	35201	38.2342	38.0464	38.6097	32.977	36.5444	36.5444	36.7322	33.3526	29	3.27	2021-09-01 18:47::56
513	4189AB83	35203	38.0464	38.0464	38.2342	33.1648	36.5444	37.1077	36.9199	33.7281	30	3.27	2021-09-01 18:47::58
514	4189AB83	35204	38.2342	38.0464	38.0464	33.3526	36.7322	36.7322	36.7322	33.5403	29	3.27	2021-09-01 18:47::59
515	4189AB83	35205	38.422	37.8587	38.2342	33.1648	36.7322	36.9199	37.1077	33.5403	29	3.27	2021-09-01 18:48::00
516	4189AB83	35206	38.2342	38.0464	38.0464	33.1648	36.7322	36.7322	36.9199	33.7281	29	3.27	2021-09-01 18:48::01
517	4189AB83	35208	38.2342	38.2342	38.0464	33.3526	36.7322	36.7322	36.7322	33.9158	29	3.27	2021-09-01 18:48::02
518	4189AB83	35209	37.8587	38.0464	38.2342	33.3526	36.5444	37.2954	36.9199	33.7281	29	3.27	2021-09-01 18:48::03
519	4189AB83	35210	37.8587	38.0464	37.8587	33.3526	36.7322	36.7322	36.9199	33.5403	29	3.27	2021-09-01 18:48::04
520	4189AB83	35212	38.2342	38.0464	38.2342	33.5403	36.9199	36.7322	36.9199	33.5403	29	3.27	2021-09-01 18:48::06
521	4189AB83	35213	38.2342	37.8587	38.0464	33.1648	36.9199	36.7322	36.7322	33.9158	29	3.27	2021-09-01 18:48::07
522	4189AB83	35215	38.0464	38.2342	38.0464	33.1648	36.7322	36.9199	36.9199	33.5403	29	3.27	2021-09-01 18:48::09
523	4189AB83	35216	37.8587	38.422	38.0464	33.5403	36.5444	36.7322	36.9199	33.5403	29	3.28	2021-09-01 18:48::10
524	4189AB83	35217	38.0464	38.2342	38.2342	33.3526	36.7322	36.7322	36.7322	33.7281	29	3.27	2021-09-01 18:48::11
525	4189AB83	35219	38.2342	38.0464	38.422	33.3526	36.5444	36.9199	36.9199	33.7281	29	3.27	2021-09-01 18:48::12
526	4189AB83	35220	38.0464	37.6709	38.2342	32.977	36.9199	36.5444	37.1077	33.3526	30	3.27	2021-09-01 18:48::13
527	4189AB83	35221	38.0464	37.8587	38.0464	33.5403	36.7322	36.7322	37.1077	33.5403	29	3.27	2021-09-01 18:48::14
528	4189AB83	35222	37.8587	37.8587	37.8587	33.7281	37.1077	36.5444	36.9199	33.7281	29	3.27	2021-09-01 18:48::15
529	4189AB83	35223	36.6709	37.0464	36.8587	32.3526	35.7322	35.7322	35.7322	32.5403	29	3.27	2021-09-01 18:48::16
530	4189AB83	35224	38.2342	38.2342	38.2342	33.3526	36.7322	36.5444	36.9199	33.1648	29	3.27	2021-09-01 18:48::17
531	4189AB83	35225	37.8587	37.8587	38.0464	33.5403	36.9199	36.9199	37.1077	33.3526	29	3.27	2021-09-01 18:48::18
532	4189AB83	35226	37.8587	37.8587	38.0464	33.1648	36.5444	36.7322	37.1077	33.7281	29	3.27	2021-09-01 18:48::19
533	4189AB83	35228	36.6709	36.6709	36.8587	32.3526	35.7322	35.9199	35.9199	32.5403	29	3.27	2021-09-01 18:48::20
534	4189AB83	35229	38.0464	38.0464	38.422	33.3526	36.7322	36.9199	36.9199	33.3526	29	3.27	2021-09-01 18:48::21
535	4189AB83	35230	38.2342	38.0464	37.8587	33.1648	36.9199	36.9199	36.7322	33.3526	29	3.27	2021-09-01 18:48::22
536	4189AB83	35231	37.8587	38.0464	37.6709	33.7281	36.7322	37.2954	37.2954	33.5403	29	3.27	2021-09-01 18:48::23
537	4189AB83	35232	36.6709	37.0464	37.0464	32.7281	35.9199	36.1077	36.2954	32.5403	29	3.27	2021-09-01 18:48::24
538	4189AB83	35233	37.8587	38.0464	38.0464	33.5403	36.3566	37.1077	37.1077	33.1648	29	3.27	2021-09-01 18:48::25
539	4189AB83	35234	37.8587	38.0464	37.6709	33.3526	36.7322	36.9199	37.1077	33.5403	29	3.28	2021-09-01 18:48::26
540	4189AB83	35235	37.8587	37.8587	38.0464	33.3526	36.9199	36.7322	37.1077	33.1648	29	3.27	2021-09-01 18:48::27
541	4189AB83	35236	37.0464	36.8587	36.8587	32.5403	35.9199	35.7322	36.1077	32.5403	29	3.27	2021-09-01 18:48::28
542	4189AB83	35237	37.0464	36.8587	36.8587	31.977	35.9199	35.9199	36.1077	32.3526	29	3.27	2021-09-01 18:48::29
543	4189AB83	35238	37.8587	37.8587	37.8587	33.5403	36.9199	36.9199	37.1077	33.1648	29	3.27	2021-09-01 18:48::29
544	4189AB83	35240	38.0464	37.6709	38.0464	33.5403	36.9199	36.7322	37.1077	32.977	29	3.27	2021-09-01 18:48::31
545	4189AB83	35241	37.6709	37.8587	37.6709	33.5403	36.9199	36.7322	37.2954	33.3526	29	3.27	2021-09-01 18:48::32
546	4189AB83	35242	37.6709	38.0464	37.8587	33.5403	36.7322	37.2954	37.2954	33.3526	29	3.27	2021-09-01 18:48::33
547	4189AB83	35243	37.6709	38.0464	38.2342	33.5403	36.7322	37.1077	36.9199	33.1648	29	3.27	2021-09-01 18:48::34
548	4189AB83	35244	38.0464	38.0464	37.8587	33.1648	36.7322	37.1077	37.2954	33.3526	29	3.27	2021-09-01 18:48::35
549	4189AB83	35245	38.0464	37.4832	37.6709	33.3526	36.9199	37.1077	37.4832	33.1648	29	3.27	2021-09-01 18:48::36
550	4189AB83	35246	37.8587	37.6709	37.6709	33.5403	36.9199	36.7322	36.9199	33.3526	29	3.27	2021-09-01 18:48::37
551	4189AB83	35247	37.6709	38.2342	37.8587	33.1648	37.2954	36.9199	37.2954	33.3526	29	3.28	2021-09-01 18:48::38
552	4189AB83	35248	36.8587	36.6709	36.8587	32.3526	36.1077	35.7322	36.1077	31.977	29	3.27	2021-09-01 18:48::38
553	4189AB83	35250	36.6709	37.0464	36.8587	32.1648	35.7322	36.1077	35.7322	31.7893	29	3.28	2021-09-01 18:48::40
554	4189AB83	35251	37.0464	37.0464	36.6709	32.3526	36.1077	35.7322	36.1077	32.1648	29	3.27	2021-09-01 18:48::41
555	4189AB83	35252	37.0464	36.8587	37.0464	32.1648	35.7322	36.4832	36.1077	31.977	29	3.27	2021-09-01 18:48::42
556	4189AB83	35253	37.8587	37.8587	37.8587	33.3526	36.7322	36.7322	37.1077	33.3526	29	3.27	2021-09-01 18:48::43
557	4189AB83	35254	37.0464	36.8587	37.2342	32.3526	36.1077	36.1077	36.2954	31.977	29	3.27	2021-09-01 18:48::44
558	4189AB83	35256	37.0464	36.8587	37.0464	32.3526	35.7322	36.1077	36.2954	31.4138	29	3.27	2021-09-01 18:48::46
559	4189AB83	35257	36.8587	36.6709	36.6709	32.3526	36.1077	35.7322	36.2954	31.7893	29	3.27	2021-09-01 18:48::47
560	4189AB83	35258	36.6709	36.6709	37.2342	32.3526	36.1077	35.9199	35.9199	32.1648	29	3.27	2021-09-01 18:48::47
561	4189AB83	35259	36.6709	37.0464	36.6709	32.7281	35.9199	36.2954	36.1077	32.1648	29	3.27	2021-09-01 18:48::48
562	4189AB83	35260	37.0464	37.2342	36.8587	32.7281	35.7322	35.9199	36.2954	31.7893	29	3.27	2021-09-01 18:48::49
563	4189AB83	35261	36.8587	36.6709	36.8587	32.5403	35.5444	36.1077	36.4832	31.7893	29	3.27	2021-09-01 18:48::50
564	4189AB83	35262	36.6709	36.8587	36.6709	32.3526	35.7322	35.7322	36.1077	31.6015	29	3.27	2021-09-01 18:48::51
565	4189AB83	35263	37.0464	36.8587	36.8587	32.5403	36.1077	36.1077	35.9199	31.7893	29	3.28	2021-09-01 18:48::52
566	4189AB83	35265	36.8587	37.2342	36.8587	32.7281	35.3566	36.2954	35.9199	31.4138	29	3.27	2021-09-01 18:48::54
567	4189AB83	35266	37.0464	36.6709	36.8587	32.3526	36.1077	36.1077	36.1077	31.7893	29	3.27	2021-09-01 18:48::55
568	4189AB83	35267	36.6709	36.6709	37.2342	32.3526	35.9199	35.9199	36.2954	31.7893	29	3.27	2021-09-01 18:48::56
569	4189AB83	35268	36.8587	36.6709	36.8587	32.3526	35.9199	35.9199	36.1077	32.1648	29	3.27	2021-09-01 18:48::56
570	4189AB83	35269	37.2342	37.0464	36.6709	32.3526	36.1077	35.9199	35.9199	31.7893	29	3.27	2021-09-01 18:48::57
571	4189AB83	35270	36.6709	36.8587	36.6709	32.7281	36.2954	35.9199	36.2954	31.7893	29	3.27	2021-09-01 18:48::58
572	4189AB83	35271	37.0464	37.0464	37.0464	32.3526	36.1077	36.1077	36.2954	31.4138	29	3.27	2021-09-01 18:48::59
573	4189AB83	35272	37.0464	37.0464	36.8587	32.5403	36.2954	35.9199	36.2954	32.1648	29	3.27	2021-09-01 18:49::00
574	4189AB83	35273	37.2342	36.8587	36.4832	32.3526	35.9199	36.2954	36.2954	31.977	29	3.27	2021-09-01 18:49::01
575	4189AB83	35276	36.8587	36.8587	37.0464	32.3526	36.2954	36.1077	36.1077	31.7893	29	3.27	2021-09-01 18:49::04
576	4189AB83	35277	37.0464	36.8587	37.0464	32.5403	36.1077	36.2954	36.2954	32.3526	29	3.27	2021-09-01 18:49::05
577	4189AB83	35279	36.8587	36.6709	37.0464	32.5403	36.1077	36.1077	36.1077	31.977	29	3.27	2021-09-01 18:49::06
578	4189AB83	35280	36.6709	37.0464	36.8587	32.3526	36.1077	35.9199	36.1077	31.7893	29	3.27	2021-09-01 18:49::07
579	4189AB83	35281	37.0464	37.0464	37.2342	32.3526	36.1077	36.4832	36.4832	32.1648	29	3.27	2021-09-01 18:49::08
580	4189AB83	35282	36.8587	36.6709	37.0464	32.3526	35.7322	35.9199	36.2954	31.977	29	3.27	2021-09-01 18:49::09
581	4189AB83	35283	36.8587	37.0464	37.0464	32.5403	36.1077	36.1077	36.2954	31.7893	29	3.27	2021-09-01 18:49::10
582	4189AB83	35284	37.0464	37.0464	36.8587	32.5403	36.1077	35.9199	36.4832	31.977	29	3.27	2021-09-01 18:49::11
583	4189AB83	35286	36.8587	36.6709	36.6709	32.3526	35.9199	36.2954	36.4832	31.7893	29	3.27	2021-09-01 18:49::13
584	4189AB83	35287	37.2342	36.8587	36.8587	32.5403	35.9199	36.1077	36.1077	31.6015	29	3.27	2021-09-01 18:49::13
585	4189AB83	35288	36.8587	37.0464	37.2342	32.1648	35.9199	36.4832	36.2954	31.7893	29	3.28	2021-09-01 18:49::14
586	4189AB83	35289	37.0464	37.0464	36.8587	32.5403	35.9199	36.2954	35.9199	31.7893	29	3.27	2021-09-01 18:49::15
587	4189AB83	35291	36.8587	37.0464	37.0464	32.3526	36.2954	36.1077	36.2954	32.3526	29	3.27	2021-09-01 18:49::17
588	4189AB83	35292	36.8587	36.6709	36.4832	32.1648	36.2954	36.1077	36.1077	32.1648	29	3.27	2021-09-01 18:49::18
589	4189AB83	35294	36.8587	36.8587	36.6709	32.5403	36.1077	36.1077	36.2954	31.6015	29	3.28	2021-09-01 18:49::20
590	4189AB83	35295	37.0464	36.4832	36.8587	32.3526	35.9199	36.1077	36.6709	31.7893	29	3.27	2021-09-01 18:49::21
591	4189AB83	35296	37.0464	36.8587	36.8587	32.5403	36.2954	36.1077	35.9199	31.7893	29	3.27	2021-09-01 18:49::22
592	4189AB83	35298	36.6709	36.8587	37.2342	32.3526	36.1077	36.4832	36.4832	32.1648	29	3.28	2021-09-01 18:49::23
593	4189AB83	35299	37.2342	36.6709	37.0464	32.3526	36.4832	36.2954	36.2954	31.7893	29	3.27	2021-09-01 18:49::24
594	4189AB83	35301	37.0464	37.2342	37.0464	32.3526	36.2954	36.2954	36.6709	32.1648	29	3.27	2021-09-01 18:49::26
595	4189AB83	35303	36.8587	37.0464	37.0464	32.5403	36.1077	36.1077	36.2954	31.7893	29	3.27	2021-09-01 18:49::28
596	4189AB83	35304	37.2342	36.8587	37.0464	32.5403	36.6709	36.4832	36.1077	31.7893	29	3.27	2021-09-01 18:49::29
597	4189AB83	35306	37.2342	37.2342	37.0464	31.977	36.2954	36.4832	36.4832	31.7893	29	3.27	2021-09-01 18:49::31
598	4189AB83	35307	37.2342	37.0464	37.0464	32.7281	36.4832	36.1077	36.4832	31.977	29	3.27	2021-09-01 18:49::31
599	4189AB83	35308	37.2342	37.0464	36.8587	32.3526	36.2954	36.2954	35.9199	31.977	29	3.27	2021-09-01 18:49::32
600	4189AB83	35310	37.8587	37.6709	37.6709	33.5403	36.9199	36.7322	36.9199	33.3526	29	3.27	2021-09-01 18:49::34
0.24
601	4189AB83	35311	37.6709	38.2342	37.8587	33.1648	37.2954	36.9199	37.2954	33.3526	29	3.27	2021-09-01 18:49::35
602	4189AB83	35312	36.8587	36.6709	36.8587	32.3526	36.1077	35.7322	36.1077	31.977	29	3.27	2021-09-01 18:49::36
603	4189AB83	35313	36.6709	37.0464	36.8587	32.1648	35.7322	36.1077	35.7322	31.7893	29	3.27	2021-09-01 18:49::37
604	4189AB83	35314	37.0464	37.0464	36.6709	32.3526	36.1077	35.7322	36.1077	32.1648	29	3.27	2021-09-01 18:49::38
605	4189AB83	35316	37.0464	36.8587	37.0464	32.1648	35.7322	36.4832	36.1077	31.977	29	3.27	2021-09-01 18:49::40
606	4189AB83	35317	37.8587	37.8587	37.8587	33.3526	36.7322	36.7322	37.1077	33.3526	29	3.27	2021-09-01 18:49::40
