4189AB83	2501	0	0	0	0	0	0	0	0	27	2.96	2021-09-01 20:04::30
16	4189AB83	2502	32.0424	31.8546	32.0424	30.3526	31.8546	32.0424	31.8546	30.1648	27	2.96	2021-09-01 20:04::31
17	4189AB83	2503	31.6668	32.0424	31.4791	30.3526	31.8546	32.0424	32.0424	30.1648	27	2.96	2021-09-01 20:04::31
18	4189AB83	2504	31.8546	31.8546	32.0424	30.3526	31.8546	31.8546	31.6668	30.5403	27	2.95	2021-09-01 20:04::32
19	4189AB83	2505	32.0424	31.8546	31.8546	29.977	32.0424	32.0424	31.4791	30.5403	27	2.96	2021-09-01 20:04::33
20	89AB83	2506	-51.6474	-51.6474	-51.6474	-51.6474	-51.6474	-51.6474	-51.6474	-51.6474	-55	1.22	2021-09-01 20:04::34
21	4189AB83	2507	31.8546	32.0424	31.6668	30.3526	32.0424	32.4179	31.8546	30.1648	27	2.95	2021-09-01 20:04::35
22	4189AB83	2508	31.8546	31.6668	31.4791	30.3526	32.0424	32.2301	32.0424	30.3526	27	2.96	2021-09-01 20:04::36
23	4189AB83	2509	32.2301	32.0424	31.6668	30.5403	31.6668	32.0424	32.2301	30.1648	27	2.96	2021-09-01 20:04::37
24	4189AB83	2510	32.0424	31.6668	31.6668	30.3526	32.0424	31.6668	31.6668	30.5403	27	2.96	2021-09-01 20:04::38
25	4189AB83	2511	31.8546	31.6668	31.6668	30.7281	32.0424	31.8546	31.8546	30.1648	27	2.96	2021-09-01 20:04::39
26	4189AB83	2512	31.4791	32.0424	31.6668	30.5403	32.0424	32.0424	32.0424	30.5403	27	2.96	2021-09-01 20:04::39
27	4189AB83	2513	31.8546	31.6668	31.6668	30.5403	32.0424	32.0424	31.2913	30.5403	27	2.95	2021-09-01 20:04::40
28	4189AB83	2514	31.8546	31.6668	32.0424	30.5403	31.8546	31.6668	31.8546	30.3526	27	2.96	2021-09-01 20:04::41
29	4189AB83	2515	31.6668	32.0424	31.6668	29.977	31.8546	32.0424	32.0424	30.3526	27	2.96	2021-09-01 20:04::42
30	4189AB83	2516	31.6668	32.2301	31.8546	30.3526	32.0424	32.0424	31.8546	30.3526	27	2.96	2021-09-01 20:04::43
31	4189AB83	2517	-49.7699	-50.1454	-50.3332	-51.6474	-50.3332	-49.9576	-51.6474	-51.6474	-55	1.22	2021-09-01 20:04::44
32	4189AB83	2518	-50.1454	-50.1454	-51.6474	-51.6474	-51.6474	-51.6474	-51.6474	-51.6474	-55	1.22	2021-09-01 20:04::45
33	4189AB83	2519	32.0424	31.6668	31.6668	30.3526	32.0424	32.0424	32.0424	30.5403	27	2.96	2021-09-01 20:04::46
34	4189AB83	2520	32.0424	31.8546	31.8546	29.977	31.8546	32.0424	31.8546	30.3526	27	2.96	2021-09-01 20:04::47
35	4189AB83	2521	31.6668	32.0424	31.8546	30.7281	32.0424	32.0424	32.0424	30.3526	27	2.96	2021-09-01 20:04::48
36	4189AB83	2522	31.8546	32.0424	32.0424	30.1648	31.8546	31.8546	32.0424	30.1648	27	2.96	2021-09-01 20:04::48
37	4189AB83	2523	32.0424	31.8546	32.2301	30.3526	32.2301	31.8546	31.6668	30.3526	27	2.96	2021-09-01 20:04::49
38	4189AB83	2523	32.0424	31.8546	32.2301	30.3526	32.2301	31.8546	31.6668	30.3526	27	2.96	2021-09-01 20:04::50
39	AB83	2524	28.3526	28.3526	28.3526	28.3526	-859.355	-4953.74	4099.26	3392.93	25	1.23	2021-09-01 20:04::50
40	4189AB83	2526	31.8546	31.4791	31.8546	30.5403	31.8546	32.0424	32.0424	30.3526	27	2.96	2021-09-01 20:04::52
41	4189AB83	2527	31.8546	31.8546	32.2301	30.7281	31.8546	32.2301	31.8546	30.7281	27	2.95	2021-09-01 20:04::53
42	4189AB83	2528	196.042	196.042	196.042	194.54	195.855	196.042	196.042	194.353	191	1.26	2021-09-01 20:04::54
43	4189AB83	2529	-50.1454	-49.9576	-50.1454	-51.6474	-51.6474	-51.6474	-51.6474	-51.6474	-55	1.22	2021-09-01 20:04::55
44	4189AB83	2530	31.8546	31.8546	31.6668	30.3526	31.8546	31.8546	32.2301	29.977	27	2.96	2021-09-01 20:04::56
45	4189AB83	2531	31.4791	31.8546	31.8546	30.5403	32.0424	31.8546	32.0424	30.1648	27	2.96	2021-09-01 20:04::57
46	4189AB83	2532	31.8546	32.0424	32.0424	30.5403	31.8546	31.6668	31.8546	30.3526	27	2.96	2021-09-01 20:04::57
47	4189AB83	2533	32.0424	31.6668	32.0424	30.3526	31.8546	32.0424	31.6668	30.1648	27	2.96	2021-09-01 20:04::58
48	4189AB83	2534	32.0424	31.8546	32.2301	30.7281	32.0424	32.2301	32.2301	30.3526	27	2.96	2021-09-01 20:04::59
49	4189AB83	2535	31.8546	31.8546	31.6668	30.1648	31.6668	31.8546	31.4791	30.3526	27	2.95	2021-09-01 20:05::00
50	4189AB83	2536	32.0424	32.0424	31.6668	30.1648	32.0424	32.0424	31.8546	30.5403	27	2.96	2021-09-01 20:05::01
51	4189AB83	2537	31.6668	31.8546	31.6668	30.5403	31.6668	32.0424	32.0424	30.3526	27	2.96	2021-09-01 20:05::02
52	4189AB83	2538	32.0424	31.8546	31.6668	30.5403	31.8546	31.8546	32.4179	30.3526	27	2.96	2021-09-01 20:05::03
53	4189AB83	2539	32.0424	31.6668	31.8546	30.3526	31.4791	31.6668	31.8546	30.3526	27	2.96	2021-09-01 20:05::04
54	4189AB83	2540	31.4791	32.0424	31.8546	30.1648	31.8546	31.8546	32.0424	30.3526	27	1.22	2021-09-01 20:05::05
55	4189AB83	2541	-50.1454	-50.1454	-50.3332	-51.8352	-49.9576	-51.6474	-51.6474	-51.6474	-55	1.22	2021-09-01 20:05::06
56	4189AB83	2542	31.8546	31.6668	32.2301	30.3526	31.8546	31.8546	31.4791	30.5403	27	2.96	2021-09-01 20:05::06
57	AB83	2543	28.3526	28.3526	28.3526	28.3526	-4944.35	-4961.62	4099.26	3585.19	25	1.23	2021-09-01 20:05::07
58	4189AB83	2544	31.6668	31.8546	32.0424	30.1648	31.2913	31.8546	31.8546	30.1648	27	2.95	2021-09-01 20:05::08
59	4189AB83	2545	31.4791	31.8546	31.4791	30.5403	32.0424	31.4791	32.0424	30.1648	27	2.96	2021-09-01 20:05::09
60	4189AB83	2546	32.2301	32.0424	31.8546	30.1648	32.0424	32.0424	31.8546	30.3526	27	2.96	2021-09-01 20:05::10
61	4189AB83	2547	32.2301	31.4791	32.0424	30.7281	32.0424	31.6668	31.8546	30.5403	27	2.95	2021-09-01 20:05::11
62	4189AB83	2548	31.8546	31.8546	31.8546	30.9158	31.6668	31.8546	32.2301	30.5403	27	2.96	2021-09-01 20:05::12
63	4189AB83	2550	-49.7699	-49.9576	-49.7699	-51.6474	-51.6474	-51.6474	-51.6474	-51.6474	-55	1.22	2021-09-01 20:05::14
64	4189AB83	2551	31.8546	32.2301	31.6668	30.3526	31.6668	31.6668	31.8546	30.3526	27	2.96	2021-09-01 20:05::15
65	83	2552	28.3526	28.3526	28.3526	28.3526	-4126.49	-4965.56	4099.26	3585.19	25	1.23	2021-09-01 20:05::15
66	4189AB83	2553	32.0424	32.0424	31.6668	30.3526	31.8546	32.0424	32.0424	30.3526	27	2.95	2021-09-01 20:05::16
67	4189AB83	2554	32.2301	31.6668	31.8546	30.3526	31.8546	31.6668	31.8546	29.977	27	2.95	2021-09-01 20:05::17
68	4189AB83	2555	32.0424	31.6668	31.8546	29.977	32.0424	32.0424	31.6668	30.1648	27	2.95	2021-09-01 20:05::18
69	4189AB83	2556	31.8546	31.8546	31.8546	30.3526	32.2301	31.8546	31.4791	30.5403	27	2.95	2021-09-01 20:05::19
70	4189AB83	2557	32.0424	31.8546	32.0424	30.3526	31.8546	31.8546	31.6668	30.3526	27	2.95	2021-09-01 20:05::20
71	4189AB83	2558	31.8546	31.6668	31.8546	30.5403	32.0424	32.2301	32.0424	30.5403	27	2.96	2021-09-01 20:05::21
72	4189AB83	2559	32.0424	32.0424	32.2301	30.3526	31.8546	31.8546	31.6668	30.3526	27	2.96	2021-09-01 20:05::22
73	4189AB83	2560	32.0424	31.6668	31.4791	30.3526	32.0424	32.2301	31.6668	29.7893	27	2.95	2021-09-01 20:05::23
74	4189AB83	2562	32.0424	32.0424	32.0424	29.977	31.8546	32.0424	32.0424	30.7281	27	2.95	2021-09-01 20:05::24
75	4189AB83	2563	32.2301	31.6668	32.0424	30.5403	31.6668	31.8546	32.0424	30.1648	27	2.96	2021-09-01 20:05::25
76	4189AB83	2564	32.2301	31.8546	31.6668	30.5403	32.2301	31.8546	32.2301	30.7281	27	2.96	2021-09-01 20:05::26
77	4189AB83	2565	32.0424	31.8546	31.8546	30.3526	32.2301	31.8546	31.8546	30.3526	27	2.95	2021-09-01 20:05::27
78	4189AB83	2566	32.2301	31.6668	32.2301	30.3526	31.8546	32.0424	31.6668	30.1648	27	2.95	2021-09-01 20:05::28
79	4189AB83	2567	31.8546	31.4791	31.6668	30.5403	31.8546	32.0424	32.0424	30.5403	27	2.96	2021-09-01 20:05::29
80	4189AB83	2568	32.0424	32.0424	31.6668	30.1648	31.6668	31.8546	32.0424	30.3526	27	2.96	2021-09-01 20:05::30
81	4189AB83	2569	32.2301	32.0424	31.6668	30.5403	32.0424	32.0424	32.2301	30.5403	27	2.96	2021-09-01 20:05::31
82	4189AB83	2570	32.0424	31.8546	32.0424	30.3526	31.4791	31.8546	32.0424	30.3526	27	2.95	2021-09-01 20:05::32
83	4189AB83	2571	-50.1454	-50.3332	-50.1454	-51.8352	-50.1454	-49.9576	-51.6474	-51.6474	-55	1.22	2021-09-01 20:05::33
84	4189AB83	2572	32.0424	32.0424	32.0424	30.7281	31.6668	31.8546	31.6668	30.3526	27	2.96	2021-09-01 20:05::33
85	4189AB83	2573	31.8546	31.4791	32.0424	30.3526	32.0424	32.0424	32.0424	30.3526	27	2.95	2021-09-01 20:05::34
86	4189AB83	2574	32.0424	32.0424	31.6668	30.5403	31.8546	32.2301	31.6668	30.5403	27	2.96	2021-09-01 20:05::35
87	4189AB83	2575	32.0424	31.6668	31.8546	30.3526	31.6668	31.4791	31.8546	30.1648	27	2.96	2021-09-01 20:05::36
88	4189AB83	2576	31.8546	31.4791	31.6668	30.7281	32.0424	31.6668	32.0424	30.3526	27	2.96	2021-09-01 20:05::37
89	4189AB83	2577	31.8546	32.0424	31.8546	30.1648	32.0424	31.8546	32.2301	30.3526	27	2.95	2021-09-01 20:05::38
90	4189AB83	2578	32.0424	31.6668	32.0424	30.3526	31.8546	32.4179	31.6668	30.5403	27	2.96	2021-09-01 20:05::39
91	4189AB83	2579	32.0424	31.8546	31.8546	30.3526	32.0424	31.4791	32.0424	30.1648	27	2.96	2021-09-01 20:05::40
92	4189AB83	2580	32.4179	32.0424	32.0424	30.5403	31.6668	31.8546	31.6668	30.7281	27	2.95	2021-09-01 20:05::41
93	4189AB83	2581	31.8546	32.2301	32.0424	30.1648	32.0424	32.0424	32.0424	30.3526	27	2.95	2021-09-01 20:05::41
94	4189AB83	2582	31.8546	32.0424	31.6668	30.3526	31.6668	32.0424	32.0424	30.7281	27	2.96	2021-09-01 20:05::42
95	4189AB83	2583	-49.9576	-50.3332	-50.1454	-51.6474	-50.3332	-50.1454	-51.6474	-51.6474	-55	1.22	2021-09-01 20:05::43
96	4189AB83	2584	32.2301	32.0424	32.0424	30.5403	31.8546	31.6668	31.8546	30.1648	27	2.96	2021-09-01 20:05::44
97	4189AB83	2585	31.4791	32.2301	32.0424	30.3526	31.8546	32.0424	32.2301	30.7281	27	2.95	2021-09-01 20:05::45
98	4189AB83	2586	32.0424	31.8546	32.0424	30.3526	31.8546	31.8546	31.8546	30.7281	27	2.95	2021-09-01 20:05::46
99	4189AB83	2587	32.0424	31.8546	31.8546	30.1648	31.6668	32.0424	31.8546	30.5403	27	2.95	2021-09-01 20:05::47
100	4189AB83	2588	31.6668	31.6668	32.0424	30.1648	31.8546	31.8546	31.8546	30.7281	27	2.96	2021-09-01 20:05::48
0.02
101	4189AB83	2590	31.6668	32.0424	31.4791	30.5403	32.0424	32.0424	31.4791	30.1648	-55	1.22	2021-09-01 20:05::50
102	4189AB83	2591	32.0424	31.8546	31.8546	30.5403	31.4791	31.6668	31.8546	30.5403	27	2.96	2021-09-01 20:05::51
103	83	2592	31.8546	31.8546	31.8546	30.5403	31.8546	31.8546	32.0424	30.7281	25	1.23	2021-09-01 20:05::51
104	4189AB83	2593	31.8546	31.8546	31.6668	30.3526	32.0424	31.4791	32.0424	30.5403	26	2.95	2021-09-01 20:05::52
105	4189AB83	2594	31.4791	31.4791	31.8546	29.977	31.8546	31.6668	31.8546	29.977	27	2.95	2021-09-01 20:05::53
106	4189AB83	2595	32.0424	31.8546	31.4791	30.3526	31.4791	31.6668	31.8546	30.5403	27	2.95	2021-09-01 20:05::54
107	4189AB83	2596	32.0424	32.0424	32.0424	30.3526	31.6668	32.2301	31.6668	30.3526	27	2.96	2021-09-01 20:05::55
108	4189AB83	2596	31.6668	32.0424	31.4791	30.3526	31.8546	32.0424	32.0424	30.1648	27	2.96	2021-09-01 20:05::55
109	4189AB83	2597	32.0424	31.8546	31.8546	29.977	32.0424	32.0424	31.4791	30.5403	1	1.31	2021-09-01 20:05::56
110	4189AB83	2598	31.8546	32.0424	31.6668	30.3526	32.0424	32.4179	31.8546	30.1648	27	2.95	2021-09-01 20:05::57
111	4189AB83	2599	32.2301	32.0424	31.6668	30.5403	31.6668	32.0424	32.2301	30.1648	27	2.96	2021-09-01 20:05::58
112	4189AB83	2600	31.8546	31.6668	31.6668	30.7281	32.0424	31.8546	31.8546	30.1648	27	2.96	2021-09-01 20:05::59
113	4189AB83	2601	31.8546	31.6668	31.6668	30.5403	32.0424	32.0424	31.2913	30.5403	27	2.95	2021-09-01 20:05::59
114	4189AB83	2601	31.6668	32.0424	31.6668	29.977	31.8546	32.0424	32.0424	30.3526	27	2.95	2021-09-01 20:06::00
115	4189AB83	2602	-49.7699	-50.1454	-50.3332	-51.6474	-50.3332	-49.9576	-51.6474	-51.6474	27	2.95	2021-09-01 20:06::00
116	4189AB83	2603	32.0424	31.6668	31.6668	30.3526	32.0424	32.0424	32.0424	30.5403	-55	1.22	2021-09-01 20:06::01
117	4189AB83	2605	31.6668	32.0424	31.8546	30.7281	32.0424	32.0424	32.0424	30.3526	27	2.95	2021-09-01 20:06::03
118	4189AB83	2606	32.0424	31.8546	32.2301	30.3526	32.2301	31.8546	31.6668	30.3526	27	2.95	2021-09-01 20:06::04
119	4189AB83	2606	28.3526	28.3526	28.3526	28.3526	-859.355	-4953.74	4099.26	3392.93	27	2.95	2021-09-01 20:06::04
120	4189AB83	2607	31.8546	31.8546	32.2301	30.7281	31.8546	32.2301	31.8546	30.7281	27	2.96	2021-09-01 20:06::05
121	4189AB83	2608	-50.1454	-49.9576	-50.1454	-51.6474	-51.6474	-51.6474	-51.6474	-51.6474	-55	1.22	2021-09-01 20:06::06
122	4189AB83	2609	31.4791	31.8546	31.8546	30.5403	32.0424	31.8546	32.0424	30.1648	27	2.96	2021-09-01 20:06::07
123	0	0	32.0424	31.6668	32.0424	30.3526	31.8546	32.0424	31.6668	30.1648	25	1.23	2021-09-01 20:06::08
124	4189AB83	2611	31.8546	31.8546	31.6668	30.1648	31.6668	31.8546	31.4791	30.3526	27	2.95	2021-09-01 20:06::08
125	4189AB83	2612	31.6668	31.8546	31.6668	30.5403	31.6668	32.0424	32.0424	30.3526	27	2.96	2021-09-01 20:06::09
126	4189AB83	2613	32.0424	31.6668	31.8546	30.3526	31.4791	31.6668	31.8546	30.3526	27	2.95	2021-09-01 20:06::10
127	4189AB83	2614	-50.1454	-50.1454	-50.3332	-51.8352	-49.9576	-51.6474	-51.6474	-51.6474	27	2.96	2021-09-01 20:06::11
128	4189AB83	2615	28.3526	28.3526	28.3526	28.3526	-4944.35	-4961.62	4099.26	3585.19	27	2.95	2021-09-01 20:06::12
129	4189AB83	2616	31.4791	31.8546	31.4791	30.5403	32.0424	31.4791	32.0424	30.1648	27	2.95	2021-09-01 20:06::13
130	4189AB83	2617	32.2301	31.4791	32.0424	30.7281	32.0424	31.6668	31.8546	30.5403	27	2.95	2021-09-01 20:06::14
131	4189AB83	2619	-49.7699	-49.9576	-49.7699	-51.6474	-51.6474	-51.6474	-51.6474	-51.6474	27	2.95	2021-09-01 20:06::16
132	4189AB83	2620	28.3526	28.3526	28.3526	28.3526	-4126.49	-4965.56	4099.26	3585.19	27	2.96	2021-09-01 20:06::17
133	4189AB83	2621	32.2301	31.6668	31.8546	30.3526	31.8546	31.6668	31.8546	29.977	27	2.95	2021-09-01 20:06::17
134	4189AB83	2622	31.8546	31.8546	31.8546	30.3526	32.2301	31.8546	31.4791	30.5403	-55	1.22	2021-09-01 20:06::18
135	4189AB83	2623	31.8546	31.6668	31.8546	30.5403	32.0424	32.2301	32.0424	30.5403	27	2.96	2021-09-01 20:06::19
136	4189AB83	2624	32.0424	31.6668	31.4791	30.3526	32.0424	32.2301	31.6668	29.7893	27	2.95	2021-09-01 20:06::20
137	4189AB83	2626	32.2301	31.6668	32.0424	30.5403	31.6668	31.8546	32.0424	30.1648	27	2.95	2021-09-01 20:06::22
138	4189AB83	2627	32.0424	31.8546	31.8546	30.3526	32.2301	31.8546	31.8546	30.3526	27	2.96	2021-09-01 20:06::23
139	4189AB83	2628	31.8546	31.4791	31.6668	30.5403	31.8546	32.0424	32.0424	30.5403	27	2.95	2021-09-01 20:06::24
140	4189AB83	2629	32.2301	32.0424	31.6668	30.5403	32.0424	32.0424	32.2301	30.5403	27	2.95	2021-09-01 20:06::25
141	4189AB83	2630	-50.1454	-50.3332	-50.1454	-51.8352	-50.1454	-49.9576	-51.6474	-51.6474	27	2.95	2021-09-01 20:06::26
142	4189AB83	2631	31.8546	31.4791	32.0424	30.3526	32.0424	32.0424	32.0424	30.3526	27	2.95	2021-09-01 20:06::26
143	4189AB83	2633	32.0424	31.6668	31.8546	30.3526	31.6668	31.4791	31.8546	30.1648	27	2.95	2021-09-01 20:06::28
144	4189AB83	2634	31.8546	32.0424	31.8546	30.1648	32.0424	31.8546	32.2301	30.3526	27	2.95	2021-09-01 20:06::29
145	4189AB83	2635	32.0424	31.8546	31.8546	30.3526	32.0424	31.4791	32.0424	30.1648	27	2.95	2021-09-01 20:06::30
146	4189AB83	2636	31.8546	32.2301	32.0424	30.1648	32.0424	32.0424	32.0424	30.3526	27	2.95	2021-09-01 20:06::31
147	4189AB83	2637	-49.9576	-50.3332	-50.1454	-51.6474	-50.3332	-50.1454	-51.6474	-51.6474	27	2.96	2021-09-01 20:06::32
148	4189AB83	2638	31.4791	32.2301	32.0424	30.3526	31.8546	32.0424	32.2301	30.7281	27	2.95	2021-09-01 20:06::33
149	4189AB83	2639	32.0424	31.8546	31.8546	30.1648	31.6668	32.0424	31.8546	30.5403	27	2.95	2021-09-01 20:06::34
150	4189AB83	2641	-49.9576	-49.9576	-50.1454	-51.6474	-50.3332	-51.6474	-51.6474	-51.6474	27	2.95	2021-09-01 20:06::35
151	4189AB83	2642	28.3526	28.3526	28.3526	28.3526	-6001.41	-4960.87	4099.26	3681.32	27	2.95	2021-09-01 20:06::36
